resources/Input/pit.asc
ncols        83
nrows        60
xllcorner    438041.767289880023
yllcorner    4527263.899557000026
cellsize     30.000000000000
NODATA_value  -9999
[rows 0 to 16 of 60, columns 0 to 38 of 83]
0.92760598659515380859 0.91798740625381469727 0.89570391178131103516 0.9128316044807434082 0.9118964076042175293 0.90389412641525268555 0.92172449827194213867 0.92239439487457275391 0.91554915904998779297 0.94812637567520141602 0.95928132534027099609 0.96296089887619018555 0.96795833110809326172 0.96854269504547119141 0.96672856807708740234 0.96951258182525634766 0.9689738154411315918 0.96730476617813110352 0.96523523330688476562 0.96344602108001708984 0.95272564888000488281 0.96363943815231323242 0.96890598535537719727 0.97086125612258911133 0.97119927406311035156 0.97074264287948608398 0.9699910283088684082 0.96788626909255981445 0.96174758672714233398 0.96490007638931274414 0.96295213699340820312 0.96597230434417724609 0.96583509445190429688 0.96527105569839477539 0.96676522493362426758 0.96674764156341552734 0.96687334775924682617 0.96678102016448974609 0.96579647064208984375
0.92811256647109985352 0.92694914340972900391 0.91036546230316162109 0.92782372236251831055 0.92900878190994262695 0.92871868610382080078 0.91355568170547485352 0.93560159206390380859 0.92658150196075439453 0.95477497577667236328 0.96300268173217773438 0.96631950139999389648 0.96640276908874511719 0.96839052438735961914 0.96702027320861816406 0.96931821107864379883 0.96921932697296142578 0.96875596046447753906 0.96792262792587280273 0.96720880270004272461 0.96071916818618774414 0.96658802032470703125 0.97073477506637573242 0.97125017642974853516 0.97095412015914916992 0.97033709287643432617 0.96976333856582641602 0.96802049875259399414 0.96344214677810668945 0.96687817573547363281 0.96377509832382202148 0.96654969453811645508 0.96645569801330566406 0.96582388877868652344 0.96673142910003662109 0.96717619895935058594 0.96706688404083251953 0.96703237295150756836 0.96482527256011962891
0.9352931976318359375 0.9312375187873840332 0.92714977264404296875 0.94583404064178466797 0.94845294952392578125 0.94227170944213867188 0.94183611869812011719 0.94197243452072143555 0.93363326787948608398 0.95942336320877075195 0.96548026800155639648 0.96705234050750732422 0.96632361412048339844 0.96799737215042114258 0.96568542718887329102 0.96807372570037841797 0.96651667356491088867 0.96478503942489624023 0.96143865585327148438 0.9555727839469909668 0.95192778110504150391 0.96657520532608032227 0.97047322988510131836 0.97093766927719116211 0.9709879755973815918 0.97048938274383544922 0.97035425901412963867 0.96869426965713500977 0.96481281518936157227 0.96693688631057739258 0.96332925558090209961 0.96558499336242675781 0.96444886922836303711 0.96203643083572387695 0.96510404348373413086 0.9663950800895690918 0.96549940109252929688 0.9666716456413269043 0.96575188636779785156
0.94986236095428466797 0.95046150684356689453 0.95148700475692749023 0.96376019716262817383 0.96552187204360961914 0.95957064628601074219 0.95497292280197143555 0.95010834932327270508 0.95094311237335205078 0.96231096982955932617 0.96740710735321044922 0.96719789505004882812 0.96516197919845581055 0.96690618991851806641 0.96280342340469360352 0.9670429229736328125 0.96748059988021850586 0.96689301729202270508 0.96599632501602172852 0.96389430761337280273 0.96364265680313110352 0.96773791313171386719 0.97021257877349853516 0.97064304351806640625 0.97073447704315185547 0.97043043375015258789 0.97005897760391235352 0.96860986948013305664 0.96664386987686157227 0.96765094995498657227 0.96513915061950683594 0.96672588586807250977 0.96688467264175415039 0.96696031093597412109 0.96730476617813110352 0.96811163425445556641 0.96813613176345825195 0.96758913993835449219 0.96698361635208129883
0.96704995632171630859 0.96840059757232666016 0.97015213966369628906 0.96994948387145996094 0.96973055601119995117 0.9678007960319519043 0.96314698457717895508 0.96095347404479980469 0.95930951833724975586 0.9659150242805480957 0.96805536746978759766 0.96774536371231079102 0.96582692861557006836 0.96679800748825073242 0.96286118030548095703 0.96654671430587768555 0.96696305274963378906 0.96646142005920410156 0.96562045812606811523 0.96276038885116577148 0.96540111303329467773 0.96911817789077758789 0.96992719173431396484 0.97018671035766601562 0.97056561708450317383 0.97047281265258789062 0.97025334835052490234 0.96913242340087890625 0.9676106572151184082 0.96859312057495117188 0.96722382307052612305 0.96806985139846801758 0.96801126003265380859 0.96733087301254272461 0.96672654151916503906 0.96812033653259277344 0.96837258338928222656 0.96722781658172607422 0.96505606174468994141
0.96401929855346679688 0.96267086267471313477 0.96448516845703125 0.96639132499694824219 0.9666836857795715332 0.96791565418243408203 0.96654468774795532227 0.96464872360229492188 0.96334218978881835938 0.96737378835678100586 0.96842586994171142578 0.96736735105514526367 0.96320044994354248047 0.96598726511001586914 0.96271073818206787109 0.96606230735778808594 0.96561974287033081055 0.96457624435424804688 0.96320557594299316406 0.96097552776336669922 0.96630126237869262695 0.96784573793411254883 0.96825075149536132812 0.96874612569808959961 0.9695873260498046875 0.9700336456298828125 0.97023630142211914062 0.96962058544158935547 0.96852654218673706055 0.96955317258834838867 0.96876978874206542969 0.96907222270965576172 0.96843242645263671875 0.96593892574310302734 0.96353477239608764648 0.96700215339660644531 0.9673373103141784668 0.96696722507476806641 0.96342509984970092773
0.94086235761642456055 0.93172669410705566406 0.94602322578430175781 0.96472656726837158203 0.9576244354248046875 0.96553540229797363281 0.96785575151443481445 0.96674555540084838867 0.96597015857696533203 0.96786016225814819336 0.96815657615661621094 0.96686339378356933594 0.96108365058898925781 0.96485149860382080078 0.96101731061935424805 0.96502041816711425781 0.96445626020431518555 0.96376258134841918945 0.96475005149841308594 0.96680814027786254883 0.96987479925155639648 0.96539008617401123047 0.96420568227767944336 0.96720755100250244141 0.96849381923675537109 0.96955323219299316406 0.96992409229278564453 0.96980589628219604492 0.96831530332565307617 0.96965402364730834961 0.96887892484664916992 0.96959489583969116211 0.96827238798141479492 0.96420615911483764648 0.95857131481170654297 0.96592831611633300781 0.96731239557266235352 0.96709281206130981445 0.96268630027770996094
0.93973046541213989258 0.93078351020812988281 0.95557749271392822266 0.96466785669326782227 0.95721805095672607422 0.96510714292526245117 0.96962970495223999023 0.96969711780548095703 0.96938472986221313477 0.96916615962982177734 0.96887975931167602539 0.96717333793640136719 0.96291267871856689453 0.96670717000961303711 0.96444481611251831055 0.96665549278259277344 0.96735185384750366211 0.96754425764083862305 0.96903234720230102539 0.97109776735305786133 0.96876239776611328125 0.95463073253631591797 0.9595877528190612793 0.96526730060577392578 0.96810895204544067383 0.969570159912109375 0.96989047527313232422 0.96994948387145996094 0.96926629543304443359 0.96962046623229980469 0.96896332502365112305 0.96976375579833984375 0.96817988157272338867 0.96273952722549438477 0.95780009031295776367 0.96620601415634155273 0.96685779094696044922 0.96720165014266967773 0.96268010139465332031
0.93606317043304443359 0.92620253562927246094 0.95502668619155883789 0.96160358190536499023 0.95491874217987060547 0.96528923511505126953 0.97020280361175537109 0.97017765045166015625 0.97023683786392211914 0.969806671142578125 0.96931815147399902344 0.9687874913215637207 0.96475625038146972656 0.96753495931625366211 0.96605879068374633789 0.96762645244598388672 0.96691298484802246094 0.96764296293258666992 0.97017705440521240234 0.9713344573974609375 0.96531271934509277344 0.95685184001922607422 0.96377581357955932617 0.96721059083938598633 0.96873718500137329102 0.96960401535034179688 0.96994137763977050781 0.96986520290374755859 0.96947717666625976562 0.96958661079406738281 0.96890425682067871094 0.96958661079406738281 0.96787619590759277344 0.96244829893112182617 0.95790964365005493164 0.96577703952789306641 0.96670621633529663086 0.9672183990478515625 0.96479177474975585938
0.957881927490234375 0.95354264974594116211 0.95883673429489135742 0.96249788999557495117 0.95437961816787719727 0.96580493450164794922 0.97005891799926757812 0.97014367580413818359 0.96998345851898193359 0.96987390518188476562 0.96924161911010742188 0.96828138828277587891 0.96368253231048583984 0.96746587753295898438 0.96607488393783569336 0.96812069416046142578 0.96702170372009277344 0.96716314554214477539 0.96871036291122436523 0.96924138069152832031 0.96146619319915771484 0.94059920310974121094 0.96018087863922119141 0.96686625480651855469 0.96871143579483032227 0.96935999393463134766 0.96975558996200561523 0.96989893913269042969 0.96929144859313964844 0.96930825710296630859 0.96897107362747192383 0.96936708688735961914 0.96722006797790527344 0.96153634786605834961 0.95642071962356567383 0.96563303470611572266 0.96672219038009643555 0.96705007553100585938 0.96644389629364013672
0.94614529609680175781 0.93378454446792602539 0.94915908575057983398 0.95915186405181884766 0.95490717887878417969 0.96657329797744750977 0.96965396404266357422 0.96998322010040283203 0.97009336948394775391 0.96999216079711914062 0.96965485811233520508 0.96925014257431030273 0.96705573797225952148 0.96750676631927490234 0.96761554479598999023 0.96559280157089233398 0.96258985996246337891 0.95988458395004272461 0.95745348930358886719 0.9543221592903137207 0.9566014409065246582 0.95152634382247924805 0.96492409706115722656 0.96794915199279785156 0.96913236379623413086 0.96950328350067138672 0.96992456912994384766 0.96973872184753417969 0.96906399726867675781 0.9689547419548034668 0.96732693910598754883 0.96863353252410888672 0.96687591075897216797 0.96235024929046630859 0.95809036493301391602 0.96524596214294433594 0.96650350093841552734 0.96686530113220214844 0.96670478582382202148
0.95778501033782958984 0.96028971672058105469 0.96359527111053466797 0.96432095766067504883 0.96445256471633911133 0.96864420175552368164 0.96998351812362670898 0.96996676921844482422 0.96994131803512573242 0.96994113922119140625 0.96970462799072265625 0.96878534555435180664 0.96645349264144897461 0.96254372596740722656 0.96288925409317016602 0.96295833587646484375 0.95740610361099243164 0.95432877540588378906 0.94956046342849731445 0.93608927726745605469 0.95250523090362548828 0.96458327770233154297 0.96761423349380493164 0.96903222799301147461 0.96986591815948486328 0.96984851360321044922 0.9700679779052734375 0.97010987997055053711 0.96941840648651123047 0.96838384866714477539 0.96594929695129394531 0.96776676177978515625 0.96597582101821899414 0.96203827857971191406 0.95915961265563964844 0.96526890993118286133 0.96634382009506225586 0.96689909696578979492 0.96700835227966308594
0.95018976926803588867 0.95022314786911010742 0.96040868759155273438 0.96398806571960449219 0.96623086929321289062 0.96938359737396240234 0.96982288360595703125 0.96986502408981323242 0.9695949554443359375 0.96950197219848632812 0.96900409460067749023 0.96827858686447143555 0.96597665548324584961 0.96164727210998535156 0.96566104888916015625 0.96625763177871704102 0.96504569053649902344 0.96462559700012207031 0.9648411870002746582 0.96488672494888305664 0.96604532003402709961 0.96719706058502197266 0.96826851367950439453 0.96943634748458862305 0.96989953517913818359 0.96978920698165893555 0.97000855207443237305 0.97005927562713623047 0.96978968381881713867 0.96712267398834228516 0.9631760716438293457 0.96691781282424926758 0.96619403362274169922 0.96288925409317016602 0.95836567878723144531 0.96478188037872314453 0.96573883295059204102 0.96658837795257568359 0.96698433160781860352
0.94539755582809448242 0.92982441186904907227 0.9510485529899597168 0.95723563432693481445 0.95777124166488647461 0.96447813510894775391 0.96847242116928100586 0.96930754184722900391 0.96929091215133666992 0.96904557943344116211 0.9683201909065246582 0.96729195117950439453 0.96534806489944458008 0.96342039108276367188 0.96691602468490600586 0.96681779623031616211 0.96626341342926025391 0.96602272987365722656 0.9665470123291015625 0.96703183650970458984 0.96766775846481323242 0.96876198053359985352 0.96896493434906005859 0.96952933073043823242 0.96965461969375610352 0.96987372636795043945 0.97027057409286499023 0.97049868106842041016 0.97000879049301147461 0.96626776456832885742 0.96229475736618041992 0.96601265668869018555 0.96643823385238647461 0.96371608972549438477 0.96055436134338378906 0.96494150161743164062 0.96561378240585327148 0.96593332290649414062 0.96667379140853881836
0.93977075815200805664 0.93415266275405883789 0.94687563180923461914 0.95421922206878662109 0.94352644681930541992 0.95934200286865234375 0.96554523706436157227 0.9679495692253112793 0.96830320358276367188 0.96735018491744995117 0.96654206514358520508 0.96588528156280517578 0.96486830711364746094 0.96594840288162231445 0.9671599268913269043 0.96715319156646728516 0.96653079986572265625 0.96702855825424194336 0.96754252910614013672 0.96794599294662475586 0.96775037050247192383 0.96883720159530639648 0.96913301944732666016 0.96921682357788085938 0.96973186731338500977 0.97006040811538696289 0.97030454874038696289 0.97033041715621948242 0.96958720684051513672 0.96479356288909912109 0.95683062076568603516 0.96522426605224609375 0.96527820825576782227 0.95396459102630615234 0.96035629510879516602 0.96322989463806152344 0.96419548988342285156 0.96432328224182128906 0.96453404426574707031
0.95770305395126342773 0.95508688688278198242 0.95493215322494506836 0.96048676967620849609 0.95729357004165649414 0.95917534828186035156 0.9650828242301940918 0.96726804971694946289 0.96772176027297973633 0.96597838401794433594 0.96562480926513671875 0.96441340446472167969 0.96661913394927978516 0.96692335605621337891 0.96758073568344116211 0.96765673160552978516 0.9675566554069519043 0.96736371517181396484 0.96787744760513305664 0.96790319681167602539 0.96773421764373779297 0.968341827392578125 0.96850305795669555664 0.96788990497589111328 0.96803987026214599609 0.96867108345031738281 0.96925884485244750977 0.97016167640686035156 0.96981531381607055664 0.9638277888298034668 0.9554526209831237793 0.96470361948013305664 0.96541386842727661133 0.96285527944564819336 0.96419489383697509766 0.96304887533187866211 0.96314179897308349609 0.96461069583892822266 0.96302676200866699219
0.95550978183746337891 0.95284044742584228516 0.95512014627456665039 0.96233445405960083008 0.96112978458404541016 0.96435534954071044922 0.96699887514114379883 0.96841388940811157227 0.96825307607650756836 0.96692901849746704102 0.966693878173828125 0.96602958440780639648 0.96346163749694824219 0.96524292230606079102 0.96679741144180297852 0.96636033058166503906 0.96605068445205688477 0.96668297052383422852 0.96721374988555908203 0.96701735258102416992 0.96658694744110107422 0.96737688779830932617 0.96708011627197265625 0.96603989601135253906 0.96584600210189819336 0.96657890081405639648 0.96850496530532836914 0.96926939487457275391 0.96893894672393798828 0.96273082494735717773 0.95415276288986206055 0.96255540847778320312 0.96446555852890014648 0.96432936191558837891 0.96449136734008789062 0.96339434385299682617 0.96291136741638183594 0.96339398622512817383 0.96209257841110229492
