resources/Input/pit.asc
ncols        83
nrows        60
xllcorner    438041.767289880023
yllcorner    4527263.899557000026
cellsize     30.000000000000
NODATA_value  -9999
[rows 17 to 33 of 60, columns 39 to 77 of 83]
0.96106809377670288086 0.96420013904571533203 0.96607518196105957031 0.96829038858413696289 0.9694016575813293457 0.96951109170913696289 0.96438932418823242188 0.94909125566482543945 0.96251094341278076172 0.96076017618179321289 0.95732271671295166016 0.9564310908317565918 0.96046787500381469727 0.96004724502563476562 0.96032500267028808594 0.96427732706069946289 0.96383631229400634766 0.96405696868896484375 0.96323037147521972656 0.95739030838012695312 0.96269357204437255859 0.96379822492599487305 0.96284317970275878906 0.96451169252395629883 0.96413362026214599609 0.96154379844665527344 0.96520227193832397461 0.96492177248001098633 0.964832305908203125 0.96407169103622436523 0.96300715208053588867 0.96290707588195800781 0.9635219573974609375 0.96329271793365478516 0.96286129951477050781 0.96332079172134399414 0.96358579397201538086 0.96201854944229125977 0.95959103107452392578
0.95089870691299438477 0.95368313789367675781 0.95842665433883666992 0.96428811550140380859 0.96871972084045410156 0.96898895502090454102 0.95851045846939086914 0.94054090976715087891 0.95516633987426757812 0.95544421672821044922 0.95265120267868041992 0.9570572972297668457 0.95757251977920532227 0.96009647846221923828 0.96310371160507202148 0.96415418386459350586 0.9638767242431640625 0.96319419145584106445 0.96272075176239013672 0.95857948064804077148 0.96321958303451538086 0.96407175064086914062 0.9634411931037902832 0.96365284919738769531 0.96348839998245239258 0.96170485019683837891 0.9647076725959777832 0.96420246362686157227 0.96473979949951171875 0.96413844823837280273 0.96319502592086791992 0.96303856372833251953 0.96352297067642211914 0.96442186832427978516 0.96326565742492675781 0.96451580524444580078 0.96523952484130859375 0.96590065956115722656 0.96705406904220581055
0.96584683656692504883 0.96681517362594604492 0.96789646148681640625 0.96919929981231689453 0.96898740530014038086 0.96895384788513183594 0.95039516687393188477 0.90403163433074951172 0.94056516885757446289 0.95704555511474609375 0.96146005392074584961 0.96382451057434082031 0.96492713689804077148 0.96431601047515869141 0.96333324909210205078 0.96337836980819702148 0.96320962905883789062 0.96222591400146484375 0.96204954385757446289 0.95730102062225341797 0.96189552545547485352 0.96255433559417724609 0.96005296707153320312 0.96334439516067504883 0.96407693624496459961 0.9621499180793762207 0.96449321508407592773 0.96347695589065551758 0.96446591615676879883 0.96333646774291992188 0.96204155683517456055 0.96222567558288574219 0.96463280916213989258 0.96576178073883056641 0.96617776155471801758 0.96767073869705200195 0.9689483642578125 0.9699840545654296875 0.97070914506912231445
0.96998381614685058594 0.96949362754821777344 0.96894538402557373047 0.96850681304931640625 0.96827012300491333008 0.96805936098098754883 0.94549155235290527344 0.90039110183715820312 0.94850724935531616211 0.95745676755905151367 0.96074503660202026367 0.96216249465942382812 0.96353632211685180664 0.96452045440673828125 0.96326375007629394531 0.96301931142807006836 0.96310210227966308594 0.96286278963088989258 0.96127814054489135742 0.95891875028610229492 0.96185022592544555664 0.96116095781326293945 0.95871651172637939453 0.96227794885635375977 0.96297794580459594727 0.96102052927017211914 0.96352720260620117188 0.96374380588531494141 0.96416276693344116211 0.96413791179656982422 0.96340185403823852539 0.96412569284439086914 0.96675568819046020508 0.96821671724319458008 0.96950346231460571289 0.97065031528472900391 0.9711907505989074707 0.971393585205078125 0.97137665748596191406
0.9698664546012878418 0.96959519386291503906 0.96884417533874511719 0.96828734874725341797 0.96741980314254760742 0.96664535999298095703 0.94228285551071166992 0.89303737878799438477 0.95450216531753540039 0.95995444059371948242 0.96260476112365722656 0.96405267715454101562 0.96414208412170410156 0.96480447053909301758 0.96280997991561889648 0.96295464038848876953 0.96246200799942016602 0.96243005990982055664 0.96067541837692260742 0.96164655685424804688 0.96074730157852172852 0.96107715368270874023 0.95620214939117431641 0.95878326892852783203 0.96057933568954467773 0.96005403995513916016 0.96328210830688476562 0.96389394998550415039 0.96448171138763427734 0.96408826112747192383 0.9642708897590637207 0.96569716930389404297 0.96841794252395629883 0.97024548053741455078 0.97108960151672363281 0.97139364480972290039 0.97150349617004394531 0.97132593393325805664 0.97125828266143798828
0.96906524896621704102 0.96899586915969848633 0.96777427196502685547 0.96641117334365844727 0.96583884954452514648 0.963714599609375 0.94555860757827758789 0.92440968751907348633 0.95744615793228149414 0.96186715364456176758 0.96358001232147216797 0.96426421403884887695 0.96257030963897705078 0.96368807554244995117 0.9611555933952331543 0.96302765607833862305 0.96270895004272460938 0.96183335781097412109 0.95744287967681884766 0.96075278520584106445 0.96054828166961669922 0.95886337757110595703 0.94677311182022094727 0.95774036645889282227 0.95897871255874633789 0.95969152450561523438 0.96330612897872924805 0.96322035789489746094 0.96424019336700439453 0.96406561136245727539 0.96453875303268432617 0.96685749292373657227 0.96848899126052856445 0.97061747312545776367 0.97108978033065795898 0.97120773792266845703 0.97121596336364746094 0.97079330682754516602 0.97032868862152099609
0.96650022268295288086 0.96775680780410766602 0.96624344587326049805 0.9648761749267578125 0.96359032392501831055 0.96262228488922119141 0.95175641775131225586 0.93837815523147583008 0.96029746532440185547 0.96313261985778808594 0.96377348899841308594 0.96439057588577270508 0.961719512939453125 0.96451270580291748047 0.96184939146041870117 0.9634978175163269043 0.9631449580192565918 0.9617354273796081543 0.95862442255020141602 0.96122771501541137695 0.95978432893753051758 0.95707315206527709961 0.94776052236557006836 0.9580707550048828125 0.95755356550216674805 0.96187442541122436523 0.96355670690536499023 0.96448737382888793945 0.96536135673522949219 0.965694427490234375 0.96652239561080932617 0.96844482421875 0.96761524677276611328 0.97012817859649658203 0.97075176239013671875 0.97069209814071655273 0.97009235620498657227 0.96928232908248901367 0.96844923496246337891
0.96500813961029052734 0.96581590175628662109 0.96468132734298706055 0.96393734216690063477 0.96387428045272827148 0.96192926168441772461 0.95664650201797485352 0.95233166217803955078 0.96162194013595581055 0.96311610937118530273 0.9639174342155456543 0.96407169103622436523 0.9614696502685546875 0.96409302949905395508 0.96103817224502563477 0.96380460262298583984 0.96333849430084228516 0.96236288547515869141 0.96027719974517822266 0.96120244264602661133 0.95882958173751831055 0.95959275960922241211 0.95142334699630737305 0.95908933877944946289 0.95710968971252441406 0.96489417552947998047 0.96777993440628051758 0.968486785888671875 0.96915948390960693359 0.96995073556900024414 0.97086161375045776367 0.96931844949722290039 0.9673137664794921875 0.96928453445434570312 0.96956980228424072266 0.96908074617385864258 0.96875202655792236328 0.96751505136489868164 0.96649301052093505859
0.96026748418807983398 0.96359407901763916016 0.96253782510757446289 0.96218830347061157227 0.96290105581283569336 0.96191906929016113281 0.95905375480651855469 0.95416736602783203125 0.96141058206558227539 0.96279925107955932617 0.96353179216384887695 0.96285855770111083984 0.96096372604370117188 0.96289080381393432617 0.95937299728393554688 0.96354234218597412109 0.96416670083999633789 0.96247857809066772461 0.95931380987167358398 0.96236759424209594727 0.96086543798446655273 0.96051073074340820312 0.95706635713577270508 0.96288132667541503906 0.96376895904541015625 0.96834212541580200195 0.97115689516067504883 0.97146964073181152344 0.97146964073181152344 0.97149497270584106445 0.96996676921844482422 0.96059250831604003906 0.96401125192642211914 0.96707391738891601562 0.96764272451400756836 0.96723949909210205078 0.96520721912384033203 0.96914756298065185547 0.96855026483535766602
0.95885473489761352539 0.96373337507247924805 0.96330493688583374023 0.96160185337066650391 0.9630228877067565918 0.96327280998229980469 0.96022522449493408203 0.95326948165893554688 0.96105235815048217773 0.96273183822631835938 0.96257734298706054688 0.962398529052734375 0.95928263664245605469 0.96248072385787963867 0.95877552032470703125 0.96277010440826416016 0.96377658843994140625 0.96216315031051635742 0.95603263378143310547 0.961132049560546875 0.92803466320037841797 0.93215894699096679688 0.92627549171447753906 0.95435637235641479492 0.95815473794937133789 0.96974724531173706055 0.97143578529357910156 0.97144424915313720703 0.97119897603988647461 0.97041332721710205078 0.96543496847152709961 0.96111601591110229492 0.96510595083236694336 0.96492761373519897461 0.96436280012130737305 0.96314859390258789062 0.96151727437973022461 0.9568755030632019043 0.95535373687744140625
0.96027976274490356445 0.96417135000228881836 0.9634552001953125 0.96244210004806518555 0.96361917257308959961 0.96259593963623046875 0.95859831571578979492 0.94682520627975463867 0.96017479896545410156 0.96188944578170776367 0.9618104100227355957 0.96163755655288696289 0.95751559734344482422 0.96172684431076049805 0.957355499267578125 0.96175962686538696289 0.96295249462127685547 0.96215575933456420898 0.95399338006973266602 0.95842182636260986328 0.95192348957061767578 0.95126891136169433594 0.95616900920867919922 0.96309703588485717773 0.96898216009140014648 0.97135126590728759766 0.97115671634674072266 0.96999126672744750977 0.96769362688064575195 0.96373224258422851562 0.95487868785858154297 0.93428438901901245117 0.94621396064758300781 0.94998270273208618164 0.94452232122421264648 0.94139182567596435547 0.94137138128280639648 0.93593239784240722656 0.93307596445083618164
0.96217465400695800781 0.96389287710189819336 0.96372169256210327148 0.9636548161506652832 0.9646199345588684082 0.96518915891647338867 0.95789623260498046875 0.93839031457901000977 0.95889872312545776367 0.96159029006958007812 0.96159505844116210938 0.96007400751113891602 0.95123893022537231445 0.96046137809753417969 0.95202273130416870117 0.95987480878829956055 0.9613278508186340332 0.95830529928207397461 0.94292867183685302734 0.96013867855072021484 0.96582120656967163086 0.96809983253479003906 0.97000914812088012695 0.97135126590728759766 0.97113978862762451172 0.96935862302780151367 0.9665101170539855957 0.96290457248687744141 0.95904213190078735352 0.95682901144027709961 0.95236551761627197266 0.93743795156478881836 0.95169591903686523438 0.95552337169647216797 0.95548284053802490234 0.95353758335113525391 0.9532095789909362793 0.95114719867706298828 0.9484259486198425293
0.96582424640655517578 0.96647012233734130859 0.96609163284301757812 0.96562075614929199219 0.96558427810668945312 0.96543323993682861328 0.96007299423217773438 0.94378060102462768555 0.959911346435546875 0.96180951595306396484 0.96129643917083740234 0.959339141845703125 0.95314949750900268555 0.960239410400390625 0.95419877767562866211 0.96007651090621948242 0.96105062961578369141 0.95785683393478393555 0.94617027044296264648 0.96205186843872070312 0.97048968076705932617 0.9713090062141418457 0.97142738103866577148 0.97087776660919189453 0.96811515092849731445 0.96140336990356445312 0.95892846584320068359 0.95552277565002441406 0.95618730783462524414 0.95591109991073608398 0.95381104946136474609 0.94348198175430297852 0.95061933994293212891 0.95460104942321777344 0.95264482498168945312 0.95002835988998413086 0.95335817337036132812 0.95611220598220825195 0.95506829023361206055
0.96650457382202148438 0.96691632270812988281 0.96661216020584106445 0.96602255105972290039 0.96539127826690673828 0.96512997150421142578 0.96345996856689453125 0.95570981502532958984 0.96088641881942749023 0.96213197708129882812 0.96145176887512207031 0.95921415090560913086 0.95619446039199829102 0.95917260646820068359 0.95269322395324707031 0.95894694328308105469 0.9595171809196472168 0.95823532342910766602 0.95277166366577148438 0.96546632051467895508 0.97123289108276367188 0.97126680612564086914 0.970767974853515625 0.9676749110221862793 0.96223187446594238281 0.9508984684944152832 0.95347446203231811523 0.95378863811492919922 0.9578068852424621582 0.95797145366668701172 0.95303577184677124023 0.93684613704681396484 0.945766448974609375 0.9511426091194152832 0.95116019248962402344 0.9538396000862121582 0.95626544952392578125 0.95598322153091430664 0.95593464374542236328
0.96629452705383300781 0.96633517742156982422 0.96576207876205444336 0.96537363529205322266 0.96512961387634277344 0.96364259719848632812 0.95569449663162231445 0.96205759048461914062 0.96180707216262817383 0.9624271392822265625 0.96144658327102661133 0.96031743288040161133 0.95744049549102783203 0.95953655242919921875 0.95225638151168823242 0.95844852924346923828 0.95945161581039428711 0.96048158407211303711 0.96129900217056274414 0.96886259317398071289 0.9712498784065246582 0.97099614143371582031 0.96836709976196289062 0.96145111322402954102 0.95826286077499389648 0.94651681184768676758 0.9565270543098449707 0.95833504199981689453 0.95832592248916625977 0.95949906110763549805 0.954357147216796875 0.91444665193557739258 0.94660037755966186523 0.95253640413284301758 0.95367383956909179688 0.95559489727020263672 0.95707046985626220703 0.95763790607452392578 0.95288628339767456055
0.96399366855621337891 0.96525692939758300781 0.96494495868682861328 0.96425539255142211914 0.96409744024276733398 0.96323198080062866211 0.95836299657821655273 0.96245294809341430664 0.96231728792190551758 0.9625466465950012207 0.96256732940673828125 0.96240079402923583984 0.96127051115036010742 0.962360382080078125 0.95993936061859130859 0.96215254068374633789 0.96484392881393432617 0.96645271778106689453 0.96806371212005615234 0.97067511081695556641 0.97130060195922851562 0.97065812349319458008 0.96608901023864746094 0.9556967616081237793 0.95483958721160888672 0.95202296972274780273 0.95815044641494750977 0.96346014738082885742 0.96307545900344848633 0.96329504251480102539 0.95550292730331420898 0.94102334976196289062 0.956539154052734375 0.95842540264129638672 0.95863771438598632812 0.95948636531829833984 0.9604651331901550293 0.96053516864776611328 0.95748162269592285156
0.96181064844131469727 0.96365505456924438477 0.96369355916976928711 0.96313089132308959961 0.96297281980514526367 0.96155214309692382812 0.95948332548141479492 0.96240293979644775391 0.96243447065353393555 0.96236568689346313477 0.95724672079086303711 0.95360124111175537109 0.95681297779083251953 0.95347535610198974609 0.94547921419143676758 0.95483517646789550781 0.95950788259506225586 0.96595227718353271484 0.96911358833312988281 0.97108924388885498047 0.97109764814376831055 0.97016012668609619141 0.96517425775527954102 0.95904910564422607422 0.9625136256217956543 0.95967030525207519531 0.96290886402130126953 0.9629014134407043457 0.96216070652008056641 0.96199929714202880859 0.9542636871337890625 0.92905813455581665039 0.95366746187210083008 0.95557945966720581055 0.95374238491058349609 0.9557056427001953125 0.95702415704727172852 0.95736151933670043945 0.94091498851776123047
