resources/Input/pit.asc
ncols        83
nrows        60
xllcorner    438041.767289880023
yllcorner    4527263.899557000026
cellsize     30.000000000000
NODATA_value  -9999
[rows 0 to 16 of 60, columns 39 to 77 of 83]
0.96700626611709594727 0.96675437688827514648 0.96258372068405151367 0.96395975351333618164 0.9645016789436340332 0.9653905034065246582 0.96608781814575195312 0.96655881404876708984 0.96673560142517089844 0.96708112955093383789 0.9673087000846862793 0.96693861484527587891 0.96677029132843017578 0.96499902009963989258 0.96133285760879516602 0.95363050699234008789 0.96030449867248535156 0.96078395843505859375 0.96177774667739868164 0.96128267049789428711 0.95980775356292724609 0.95152193307876586914 0.92642295360565185547 0.94658684730529785156 0.952999114990234375 0.95074224472045898438 0.9376328587532043457 0.95430475473403930664 0.96484291553497314453 0.96834790706634521484 0.96862679719924926758 0.96844089031219482422 0.96404355764389038086 0.95531773567199707031 0.95779949426651000977 0.95774495601654052734 0.95301848649978637695 0.93791908025741577148 0.92626392841339111328
0.96695601940155029297 0.96703988313674926758 0.95932626724243164062 0.96029531955718994141 0.96330696344375610352 0.96531456708908081055 0.96652549505233764648 0.96640801429748535156 0.96620571613311767578 0.96662688255310058594 0.9667027592658996582 0.96729308366775512695 0.96711629629135131836 0.96561312675476074219 0.95883709192276000977 0.94989502429962158203 0.95423799753189086914 0.94626843929290771484 0.95551455020904541016 0.95780807733535766602 0.95677280426025390625 0.94687443971633911133 0.92147344350814819336 0.94848424196243286133 0.9553775787353515625 0.95430493354797363281 0.94891715049743652344 0.96211737394332885742 0.96835637092590332031 0.96849173307418823242 0.96834796667098999023 0.96546661853790283203 0.95868140459060668945 0.9458128809928894043 0.95202457904815673828 0.95524674654006958008 0.95140558481216430664 0.93569582700729370117 0.93245160579681396484
0.96746939420700073242 0.96791577339172363281 0.96537286043167114258 0.96250796318054199219 0.96312445402145385742 0.96433269977569580078 0.9638544917106628418 0.96292543411254882812 0.96148484945297241211 0.96224373579025268555 0.96352112293243408203 0.96510398387908935547 0.9651629328727722168 0.96517932415008544922 0.95704156160354614258 0.94423985481262207031 0.95534306764602661133 0.94523900747299194336 0.95167851448059082031 0.95260697603225708008 0.95374733209609985352 0.93745011091232299805 0.93074095249176025391 0.94293618202209472656 0.9511324763298034668 0.95377534627914428711 0.95717871189117431641 0.96616804599761962891 0.96806359291076660156 0.96801286935806274414 0.96668070554733276367 0.96244716644287109375 0.95915079116821289062 0.9249789118766784668 0.92876076698303222656 0.93515110015869140625 0.93842285871505737305 0.93162953853607177734 0.93376559019088745117
0.96791577339172363281 0.96772181987762451172 0.96714991331100463867 0.96510899066925048828 0.96483796834945678711 0.96430957317352294922 0.96428447961807250977 0.96471410989761352539 0.96510183811187744141 0.96593528985977172852 0.96636170148849487305 0.96712762117385864258 0.9674879908561706543 0.96721845865249633789 0.95947486162185668945 0.94212007522583007812 0.95909720659255981445 0.95805686712265014648 0.95487505197525024414 0.95609617233276367188 0.95266932249069213867 0.94220995903015136719 0.93996840715408325195 0.95230716466903686523 0.95941525697708129883 0.96266156435012817383 0.96558374166488647461 0.96782797574996948242 0.96772748231887817383 0.96667259931564331055 0.96563732624053955078 0.96367704868316650391 0.96161061525344848633 0.95765805244445800781 0.95235359668731689453 0.95321667194366455078 0.95447111129760742188 0.95459842681884765625 0.9546782374382019043
0.96752899885177612305 0.9671332240104675293 0.96759575605392456055 0.96734273433685302734 0.96733427047729492188 0.966686248779296875 0.96593040227890014648 0.96690607070922851562 0.96685624122619628906 0.96716034412384033203 0.96734511852264404297 0.96787565946578979492 0.96705967187881469727 0.9659862518310546875 0.96107256412506103516 0.95183140039443969727 0.96117877960205078125 0.96276003122329711914 0.95579415559768676758 0.95053207874298095703 0.94080376625061035156 0.94806206226348876953 0.94835096597671508789 0.95924919843673706055 0.96514523029327392578 0.96603500843048095703 0.96726256608963012695 0.96769368648529052734 0.96701961755752563477 0.96480000019073486328 0.96532553434371948242 0.96442103385925292969 0.96416956186294555664 0.96594852209091186523 0.96647864580154418945 0.96666353940963745117 0.965297698974609375 0.96437418460845947266 0.96181708574295043945
0.96656978130340576172 0.96664500236511230469 0.96737718582153320312 0.96737706661224365234 0.96741884946823120117 0.96734261512756347656 0.96621739864349365234 0.96724313497543334961 0.96756333112716674805 0.96815341711044311523 0.96846461296081542969 0.96854960918426513672 0.96773320436477661133 0.96607869863510131836 0.96135562658309936523 0.9574559330940246582 0.96250569820404052734 0.95973372459411621094 0.94976365566253662109 0.92983281612396240234 0.94184201955795288086 0.95196348428726196289 0.95462876558303833008 0.96168929338455200195 0.96561455726623535156 0.96661478281021118164 0.96733874082565307617 0.96768611669540405273 0.96615326404571533203 0.96225363016128540039 0.96198266744613647461 0.96487748622894287109 0.95365536212921142578 0.96073210239410400391 0.9598191380500793457 0.96133226156234741211 0.95915788412094116211 0.95525050163269042969 0.94954347610473632812
0.96593075990676879883 0.96670389175415039062 0.96737718582153320312 0.96722549200057983398 0.96760445833206176758 0.96747756004333496094 0.96750229597091674805 0.96808409690856933594 0.96864145994186401367 0.9687512516975402832 0.96882706880569458008 0.96891999244689941406 0.96893674135208129883 0.96748000383377075195 0.96129918098449707031 0.95160323381423950195 0.9582106471061706543 0.95389306545257568359 0.94706058502197265625 0.92229110002517700195 0.90433967113494873047 0.94168591499328613281 0.94088947772979736328 0.96042579412460327148 0.96301114559173583984 0.9636847376823425293 0.96588754653930664062 0.96644562482833862305 0.96328687667846679688 0.95636206865310668945 0.94980698823928833008 0.95225101709365844727 0.94857972860336303711 0.95980501174926757812 0.96105688810348510742 0.96152162551879882812 0.96080434322357177734 0.95698189735412597656 0.9557514190673828125
0.96588093042373657227 0.96652770042419433594 0.96675449609756469727 0.96685540676116943359 0.96677136421203613281 0.96656918525695800781 0.96487921476364135742 0.96773898601531982422 0.96838843822479248047 0.96867537498474121094 0.96847307682037353516 0.96861672401428222656 0.96860003471374511719 0.9669411778450012207 0.95941424369812011719 0.9578304290771484375 0.95715177059173583984 0.94798630475997924805 0.93886274099349975586 0.92947924137115478516 0.92617827653884887695 0.9464238286018371582 0.95561748743057250977 0.96115082502365112305 0.96372938156127929688 0.96415823698043823242 0.96532309055328369141 0.96543288230895996094 0.96167218685150146484 0.94275009632110595703 0.93976825475692749023 0.9550952911376953125 0.95970845222473144531 0.96368074417114257812 0.96439456939697265625 0.96479648351669311523 0.96412897109985351562 0.96251481771469116211 0.96195656061172485352
0.96675515174865722656 0.96679693460464477539 0.96697372198104858398 0.96693181991577148438 0.96630156040191650391 0.96625131368637084961 0.96536964178085327148 0.96783214807510375977 0.96824616193771362305 0.96848207712173461914 0.96821224689483642578 0.96865898370742797852 0.96871852874755859375 0.96751356124877929688 0.96035689115524291992 0.95282071828842163086 0.94705820083618164062 0.9334271550178527832 0.92770838737487792969 0.9252071380615234375 0.94484692811965942383 0.95829671621322631836 0.9599234461784362793 0.96261769533157348633 0.96396696567535400391 0.96403712034225463867 0.96409696340560913086 0.96417403221130371094 0.96275132894515991211 0.96066480875015258789 0.95915073156356811523 0.96222513914108276367 0.9628200531005859375 0.96538501977920532227 0.96423804759979248047 0.96424216032028198242 0.96394050121307373047 0.96165931224822998047 0.96028441190719604492
0.96699082851409912109 0.96673828363418579102 0.96650350093841552734 0.96601736545562744141 0.96573263406753540039 0.96636223793029785156 0.96572351455688476562 0.96804398298263549805 0.96781754493713378906 0.96787756681442260742 0.9680112004280090332 0.96834003925323486328 0.96859210729598999023 0.96688956022262573242 0.95091539621353149414 0.93486994504928588867 0.90728724002838134766 0.92250639200210571289 0.92515695095062255859 0.92722225189208984375 0.95288068056106567383 0.96075844764709472656 0.95979362726211547852 0.96264499425888061523 0.96355426311492919922 0.96310442686080932617 0.9618701934814453125 0.9616591334342956543 0.96066200733184814453 0.96141654253005981445 0.96095663309097290039 0.96232402324676513672 0.96172976493835449219 0.96344941854476928711 0.9618752598762512207 0.96242803335189819336 0.9620297551155090332 0.95987147092819213867 0.95934939384460449219
0.96700835227966308594 0.96404302120208740234 0.96161216497421264648 0.96070367097854614258 0.96246051788330078125 0.9632244110107421875 0.96215558052062988281 0.96400481462478637695 0.96197694540023803711 0.96381437778472900391 0.96368002891540527344 0.96640861034393310547 0.96729749441146850586 0.9652525782585144043 0.94337987899780273438 0.87823653221130371094 0.91729444265365600586 0.92680579423904418945 0.90665096044540405273 0.90961408615112304688 0.94658887386322021484 0.95391851663589477539 0.95146483182907104492 0.95608079433441162109 0.95651644468307495117 0.95283019542694091797 0.95595508813858032227 0.95213258266448974609 0.95382177829742431641 0.95419645309448242188 0.95390760898590087891 0.95457893610000610352 0.95125377178192138672 0.95791012048721313477 0.95506167411804199219 0.95455282926559448242 0.95328152179718017578 0.94641458988189697266 0.94795972108840942383
0.96762323379516601562 0.96711099147796630859 0.96677559614181518555 0.96663385629653930664 0.96687668561935424805 0.96692705154418945312 0.96632981300354003906 0.96728998422622680664 0.9677276611328125 0.96765977144241333008 0.96725517511367797852 0.96695005893707275391 0.96720284223556518555 0.9640896916389465332 0.94325429201126098633 0.94129365682601928711 0.92900753021240234375 0.93845635652542114258 0.94410818815231323242 0.94786459207534790039 0.9580211639404296875 0.96315389871597290039 0.9644527435302734375 0.96665537357330322266 0.96702200174331665039 0.96597403287887573242 0.96661323308944702148 0.96702522039413452148 0.96696543693542480469 0.9673678278923034668 0.96741914749145507812 0.96647810935974121094 0.96687436103820800781 0.96732652187347412109 0.96756196022033691406 0.96737813949584960938 0.96647226810455322266 0.96597772836685180664 0.96507632732391357422
0.96682375669479370117 0.96742951869964599609 0.96726143360137939453 0.96680873632431030273 0.96666711568832397461 0.96747416257858276367 0.96875214576721191406 0.96919870376586914062 0.96940124034881591797 0.96934205293655395508 0.96849852800369262695 0.96763020753860473633 0.96753787994384765625 0.96324330568313598633 0.94562810659408569336 0.92566943168640136719 0.94647622108459472656 0.95415031909942626953 0.9637501835823059082 0.9649524688720703125 0.96683579683303833008 0.9672749638557434082 0.96718335151672363281 0.96574532985687255859 0.96548414230346679688 0.9628365635871887207 0.96662801504135131836 0.96683150529861450195 0.96683263778686523438 0.96625232696533203125 0.96487241983413696289 0.96437031030654907227 0.96594983339309692383 0.96641153097152709961 0.96571815013885498047 0.96586120128631591797 0.96526515483856201172 0.96335893869400024414 0.96185511350631713867
0.96633565425872802734 0.96776711940765380859 0.96811288595199584961 0.96858447790145874023 0.96881181001663208008 0.96913999319076538086 0.96584081649780273438 0.96913987398147583008 0.96887022256851196289 0.96905517578125 0.96773135662078857422 0.96703249216079711914 0.96681290864944458008 0.9613596796989440918 0.94797664880752563477 0.92609506845474243164 0.93671810626983642578 0.95541048049926757812 0.96403843164443969727 0.96437418460845947266 0.96577143669128417969 0.96602606773376464844 0.96569144725799560547 0.96559184789657592773 0.96582502126693725586 0.96444040536880493164 0.96657931804656982422 0.96677374839782714844 0.96683269739151000977 0.96629494428634643555 0.96577423810958862305 0.96507948637008666992 0.96608573198318481445 0.96626085042953491211 0.96595293283462524414 0.96593588590621948242 0.96539187431335449219 0.96263509988784790039 0.96079820394515991211
0.96411287784576416016 0.96613621711730957031 0.96567612886428833008 0.96515011787414550781 0.96562373638153076172 0.96613299846649169922 0.96731650829315185547 0.96856772899627685547 0.96859216690063476562 0.96880221366882324219 0.96709966659545898438 0.96504026651382446289 0.96434122323989868164 0.95859539508819580078 0.94292551279067993164 0.94198220968246459961 0.95210027694702148438 0.95937508344650268555 0.96341228485107421875 0.96167594194412231445 0.96569752693176269531 0.9657421112060546875 0.96448141336441040039 0.96550995111465454102 0.96563303470611572266 0.96345925331115722656 0.96667236089706420898 0.96646338701248168945 0.96646404266357421875 0.9659360051155090332 0.96499645709991455078 0.96343731880187988281 0.96546685695648193359 0.96590983867645263672 0.96582704782485961914 0.96540904045104980469 0.96485018730163574219 0.96190887689590454102 0.9599831700325012207
0.96337705850601196289 0.96594583988189697266 0.96517419815063476562 0.96510899066925048828 0.96545451879501342773 0.9659989476203918457 0.96682006120681762695 0.96542918682098388672 0.96772485971450805664 0.96754574775695800781 0.96480506658554077148 0.9608758091926574707 0.96068650484085083008 0.95939874649047851562 0.93578112125396728516 0.95712995529174804688 0.96055585145950317383 0.96349173784255981445 0.96391856670379638672 0.96260029077529907227 0.96485984325408935547 0.96523267030715942383 0.96437966823577880859 0.96556073427200317383 0.96572595834732055664 0.96391719579696655273 0.96631413698196411133 0.96550834178924560547 0.96569389104843139648 0.96461302042007446289 0.96367686986923217773 0.96315908432006835938 0.96539098024368286133 0.96570825576782226562 0.96525037288665771484 0.96539938449859619141 0.96519106626510620117 0.96266990900039672852 0.96079790592193603516
0.96484482288360595703 0.96558785438537597656 0.96592062711715698242 0.9667008519172668457 0.96816521883010864258 0.96858507394790649414 0.96618181467056274414 0.95791518688201904297 0.96595966815948486328 0.96498769521713256836 0.960987091064453125 0.95811456441879272461 0.9574438929557800293 0.9567559361457824707 0.95877480506896972656 0.96227300167083740234 0.96344870328903198242 0.96385252475738525391 0.96399635076522827148 0.9619083404541015625 0.96435874700546264648 0.96465593576431274414 0.96439886093139648438 0.9653103947639465332 0.96544158458709716797 0.96400797367095947266 0.96594560146331787109 0.9654509425163269043 0.96511685848236083984 0.96437889337539672852 0.96382731199264526367 0.96295118331909179688 0.96468836069107055664 0.96525716781616210938 0.96417415142059326172 0.96422374248504638672 0.96448165178298950195 0.96265763044357299805 0.95976996421813964844
