resources/Input/pit.asc
ncols        83
nrows        60
xllcorner    438041.767289880023
yllcorner    4527263.899557000026
cellsize     30.000000000000
NODATA_value  -9999
[rows 17 to 33 of 60, columns 0 to 38 of 83]
0.96309900283813476562 0.95459663867950439453 0.95733100175857543945 0.96361893415451049805 0.96536058187484741211 0.96613347530364990234 0.96664732694625854492 0.96607404947280883789 0.96480947732925415039 0.96318393945693969727 0.96187305450439453125 0.959064483642578125 0.95635318756103515625 0.96034294366836547852 0.96343749761581420898 0.96428894996643066406 0.96264916658401489258 0.96474534273147583008 0.96533966064453125 0.96455514430999755859 0.96352589130401611328 0.96441197395324707031 0.96376621723175048828 0.96128267049789428711 0.96089071035385131836 0.96473580598831176758 0.96740961074829101562 0.96622920036315917969 0.96748948097229003906 0.96171933412551879883 0.95084249973297119141 0.96068167686462402344 0.9622452855110168457 0.96253448724746704102 0.96333867311477661133 0.96108448505401611328 0.96044760942459106445 0.96005868911743164062 0.95849370956420898438
0.9515749812126159668 0.94472485780715942383 0.95681226253509521484 0.96287626028060913086 0.96466481685638427734 0.96643549203872680664 0.96687239408493041992 0.96547412872314453125 0.96075308322906494141 0.95470142364501953125 0.9520206451416015625 0.95210552215576171875 0.95273727178573608398 0.9515749812126159668 0.95645946264266967773 0.96178299188613891602 0.9578145146369934082 0.95964258909225463867 0.96280103921890258789 0.9609095454216003418 0.95527273416519165039 0.95483362674713134766 0.95467323064804077148 0.95878553390502929688 0.96509325504302978516 0.96772998571395874023 0.96679019927978515625 0.96147972345352172852 0.96460556983947753906 0.96395385265350341797 0.95362931489944458008 0.95347183942794799805 0.94944077730178833008 0.9495614171028137207 0.95332229137420654297 0.94257497787475585938 0.93741869926452636719 0.94498234987258911133 0.94101297855377197266
0.90660524368286132812 0.92811644077301025391 0.91302227973937988281 0.92608124017715454102 0.94281792640686035156 0.95629119873046875 0.95988351106643676758 0.95620977878570556641 0.94382238388061523438 0.93237864971160888672 0.91550391912460327148 0.93664288520812988281 0.93015849590301513672 0.91191887855529785156 0.94927465915679931641 0.96067386865615844727 0.96035051345825195312 0.96235007047653198242 0.96372163295745849609 0.96186667680740356445 0.95281332731246948242 0.96059113740921020508 0.96459537744522094727 0.96747112274169921875 0.97001028060913085938 0.96984118223190307617 0.96511238813400268555 0.95713263750076293945 0.96386182308197021484 0.96496105194091796875 0.96448457241058349609 0.96277886629104614258 0.9601243138313293457 0.95873397588729858398 0.96034890413284301758 0.96320384740829467773 0.96402990818023681641 0.96368634700775146484 0.96433144807815551758
0.93245452642440795898 0.94711655378341674805 0.93857353925704956055 0.94229155778884887695 0.94076120853424072266 0.94660371541976928711 0.94895511865615844727 0.94620782136917114258 0.93009549379348754883 0.93824118375778198242 0.94737374782562255859 0.94401144981384277344 0.92320537567138671875 0.91569548845291137695 0.94518834352493286133 0.96090537309646606445 0.96421283483505249023 0.96688938140869140625 0.96704918146133422852 0.96688020229339599609 0.9626414179801940918 0.96700471639633178711 0.97020411491394042969 0.97040766477584838867 0.97035628557205200195 0.96914064884185791016 0.96519821882247924805 0.96130341291427612305 0.96531569957733154297 0.96498847007751464844 0.96515613794326782227 0.96687740087509155273 0.9665069580078125 0.96713799238204956055 0.96815788745880126953 0.96090942621231079102 0.96451085805892944336 0.9671452641487121582 0.9694353938102722168
0.95241844654083251953 0.94945722818374633789 0.94498538970947265625 0.94837820529937744141 0.94526433944702148438 0.94589209556579589844 0.94949650764465332031 0.94432651996612548828 0.94036662578582763672 0.94889104366302490234 0.95097965002059936523 0.94695055484771728516 0.92670452594757080078 0.92868185043334960938 0.94644719362258911133 0.95903807878494262695 0.96347790956497192383 0.96680450439453125 0.96446698904037475586 0.96242755651473999023 0.95933288335800170898 0.9675166010856628418 0.9695975184440612793 0.97003644704818725586 0.96938759088516235352 0.96811467409133911133 0.96587800979614257812 0.9591147303581237793 0.9622109532356262207 0.96211612224578857422 0.96180689334869384766 0.96419119834899902344 0.96310085058212280273 0.96393787860870361328 0.96488642692565917969 0.96458464860916137695 0.96559619903564453125 0.96757769584655761719 0.96935284137725830078
0.95630794763565063477 0.95373576879501342773 0.95458006858825683594 0.95563840866088867188 0.95691967010498046875 0.95847868919372558594 0.95889383554458618164 0.95590507984161376953 0.95434457063674926758 0.95316547155380249023 0.95222610235214233398 0.94683641195297241211 0.91024410724639892578 0.92317986488342285156 0.94822227954864501953 0.95528465509414672852 0.96229970455169677734 0.96493566036224365234 0.96447813510894775391 0.96503216028213500977 0.96168231964111328125 0.96639668941497802734 0.96870523691177368164 0.96905064582824707031 0.96834391355514526367 0.96631455421447753906 0.96543103456497192383 0.96263533830642700195 0.96444737911224365234 0.96315884590148925781 0.95928859710693359375 0.96220159530639648438 0.96234601736068725586 0.96334695816040039062 0.96449571847915649414 0.96507275104522705078 0.96510463953018188477 0.96730482578277587891 0.96843987703323364258
0.94929772615432739258 0.9518763422966003418 0.9519062042236328125 0.95317417383193969727 0.94869339466094970703 0.945636749267578125 0.94825971126556396484 0.95338660478591918945 0.95451831817626953125 0.954494476318359375 0.95231068134307861328 0.94664007425308227539 0.9073162078857421875 0.93714201450347900391 0.948917388916015625 0.9536641240119934082 0.96204966306686401367 0.96445572376251220703 0.96427297592163085938 0.96387231349945068359 0.95932406187057495117 0.96608573198318481445 0.96811711788177490234 0.96832817792892456055 0.96781390905380249023 0.96554708480834960938 0.96460115909576416016 0.96067589521408081055 0.96453678607940673828 0.96381968259811401367 0.96147370338439941406 0.96378958225250244141 0.96316438913345336914 0.96438294649124145508 0.96611762046813964844 0.9667981266975402832 0.96761292219161987305 0.96774643659591674805 0.96560001373291015625
0.94730645418167114258 0.95208144187927246094 0.95469963550567626953 0.95579516887664794922 0.95473885536193847656 0.95587390661239624023 0.95558214187622070312 0.95586937665939331055 0.9558245539665222168 0.95427113771438598633 0.95134270191192626953 0.94652003049850463867 0.91613113880157470703 0.94197916984558105469 0.95173996686935424805 0.95234549045562744141 0.95956283807754516602 0.9617487788200378418 0.96178936958312988281 0.95940703153610229492 0.94911164045333862305 0.96469801664352416992 0.96852982044219970703 0.9684798121452331543 0.96788924932479858398 0.96603745222091674805 0.96478170156478881836 0.96141922473907470703 0.96359246969223022461 0.96402394771575927734 0.96339493989944458008 0.96535444259643554688 0.96655988693237304688 0.96773642301559448242 0.96909070014953613281 0.96995055675506591797 0.97000974416732788086 0.96756863594055175781 0.96351826190948486328
0.95382446050643920898 0.95006132125854492188 0.9546712040901184082 0.95494163036346435547 0.95508801937103271484 0.95730173587799072266 0.95661932229995727539 0.95570892095565795898 0.95451074838638305664 0.95266652107238769531 0.94822829961776733398 0.94257211685180664062 0.91511023044586181641 0.94171160459518432617 0.94786471128463745117 0.94926679134368896484 0.95657777786254882812 0.95870935916900634766 0.95798307657241821289 0.95175188779830932617 0.95389819145202636719 0.96493935585021972656 0.96853363513946533203 0.96743792295455932617 0.96624028682708740234 0.96626412868499755859 0.96442317962646484375 0.96292489767074584961 0.96343690156936645508 0.96463596820831298828 0.96419960260391235352 0.96682262420654296875 0.96806555986404418945 0.9691435694694519043 0.96966493129730224609 0.96980780363082885742 0.96930909156799316406 0.9659220576286315918 0.96044117212295532227
0.9592888951301574707 0.95196044445037841797 0.95054566860198974609 0.95092338323593139648 0.9508870244026184082 0.95274317264556884766 0.95437020063400268555 0.95117896795272827148 0.94612008333206176758 0.94214636087417602539 0.93231791257858276367 0.92337167263031005859 0.9003887176513671875 0.92493492364883422852 0.92478388547897338867 0.93771886825561523438 0.95078796148300170898 0.95514661073684692383 0.95602738857269287109 0.94226795434951782227 0.95103943347930908203 0.96317982673645019531 0.96393388509750366211 0.96007591485977172852 0.95698964595794677734 0.955333709716796875 0.96025967597961425781 0.96220356225967407227 0.96399039030075073242 0.96510851383209228516 0.96507322788238525391 0.96740353107452392578 0.96894234418869018555 0.96895849704742431641 0.96931999921798706055 0.96936827898025512695 0.96849054098129272461 0.96417182683944702148 0.95639449357986450195
0.96464335918426513672 0.96255546808242797852 0.9611218571662902832 0.9598147273063659668 0.95968955755233764648 0.95916157960891723633 0.95691961050033569336 0.95764398574829101562 0.95694977045059204102 0.95721095800399780273 0.95504552125930786133 0.95242089033126831055 0.92929351329803466797 0.94085222482681274414 0.95632475614547729492 0.95933115482330322266 0.96075052022933959961 0.95989245176315307617 0.95867061614990234375 0.9545395970344543457 0.95295011997222900391 0.96252292394638061523 0.96750986576080322266 0.96779733896255493164 0.96608209609985351562 0.95925116539001464844 0.95870453119277954102 0.96056538820266723633 0.96241027116775512695 0.96478790044784545898 0.96412503719329833984 0.96831023693084716797 0.96731227636337280273 0.96846115589141845703 0.9683755040168762207 0.96812093257904052734 0.96763956546783447266 0.96444863080978393555 0.95602780580520629883
0.96555280685424804688 0.96457326412200927734 0.9646174311637878418 0.96399766206741333008 0.96344983577728271484 0.9630959630012512207 0.96178436279296875 0.96197837591171264648 0.95151865482330322266 0.951725006103515625 0.94931340217590332031 0.94117027521133422852 0.8829326629638671875 0.93918251991271972656 0.95662516355514526367 0.95718812942504882812 0.95602911710739135742 0.95545029640197753906 0.95264512300491333008 0.94058269262313842773 0.94623064994812011719 0.96000725030899047852 0.96486043930053710938 0.9679470062255859375 0.96915984153747558594 0.9656855463981628418 0.96082884073257446289 0.96072018146514892578 0.96097320318222045898 0.96345257759094238281 0.96259129047393798828 0.96742850542068481445 0.96536433696746826172 0.96690917015075683594 0.96692144870758056641 0.96718776226043701172 0.96664053201675415039 0.96498131752014160156 0.95649355649948120117
0.96516847610473632812 0.96474224328994750977 0.96415984630584716797 0.96341508626937866211 0.96218544244766235352 0.96119821071624755859 0.95773178339004516602 0.95987457036972045898 0.95679461956024169922 0.955471038818359375 0.95284813642501831055 0.94762408733367919922 0.91853082180023193359 0.94333165884017944336 0.95936369895935058594 0.95909249782562255859 0.95741891860961914062 0.95734065771102905273 0.95440602302551269531 0.94833225011825561523 0.94945931434631347656 0.96067786216735839844 0.96432185173034667969 0.9670760035514831543 0.96858835220336914062 0.96760410070419311523 0.96655559539794921875 0.96628046035766601562 0.96528422832489013672 0.96398442983627319336 0.96066069602966308594 0.9657300114631652832 0.96392524242401123047 0.96534621715545654297 0.96517258882522583008 0.96685278415679931641 0.96686959266662597656 0.96593862771987915039 0.95885634422302246094
0.96473920345306396484 0.96486949920654296875 0.96451348066329956055 0.9644476771354675293 0.96230387687683105469 0.96168488264083862305 0.95879918336868286133 0.95918554067611694336 0.95673191547393798828 0.95679020881652832031 0.95443385839462280273 0.95139688253402709961 0.9305248260498046875 0.9463106989860534668 0.95789158344268798828 0.95840233564376831055 0.95631253719329833984 0.9554507136344909668 0.95510232448577880859 0.94899499416351318359 0.95117878913879394531 0.9593715667724609375 0.96057915687561035156 0.96445012092590332031 0.96671682596206665039 0.96705985069274902344 0.96691948175430297852 0.96820199489593505859 0.96886485815048217773 0.96579629182815551758 0.96091878414154052734 0.96491855382919311523 0.961151123046875 0.96432423591613769531 0.96556675434112548828 0.96632760763168334961 0.96710669994354248047 0.96608221530914306641 0.96329575777053833008
0.96162676811218261719 0.96432435512542724609 0.96416944265365600586 0.96398574113845825195 0.96316313743591308594 0.96301817893981933594 0.95799946784973144531 0.95948529243469238281 0.95884430408477783203 0.95906740427017211914 0.95767927169799804688 0.95399200916290283203 0.93526750802993774414 0.94823825359344482422 0.9581196904182434082 0.95787310600280761719 0.95593130588531494141 0.95677298307418823242 0.95556110143661499023 0.94771373271942138672 0.9512684941291809082 0.95444309711456298828 0.95937436819076538086 0.96382182836532592773 0.96706914901733398438 0.96713471412658691406 0.96597456932067871094 0.96877372264862060547 0.96959728002548217773 0.96766340732574462891 0.96412485837936401367 0.96497666835784912109 0.9614995121955871582 0.96580255031585693359 0.96650326251983642578 0.96679759025573730469 0.96733266115188598633 0.96542084217071533203 0.95996266603469848633
0.95789867639541625977 0.96231669187545776367 0.96311670541763305664 0.96320700645446777344 0.96118885278701782227 0.96287399530410766602 0.95524859428405761719 0.9615084528923034668 0.96205782890319824219 0.9611771702766418457 0.95859771966934204102 0.95547956228256225586 0.93731737136840820312 0.94863814115524291992 0.95633244514465332031 0.95606046915054321289 0.95488458871841430664 0.95627510547637939453 0.95542138814926147461 0.94669860601425170898 0.95067083835601806641 0.95923352241516113281 0.96505224704742431641 0.96835279464721679688 0.96999305486679077148 0.96891480684280395508 0.96680289506912231445 0.96909242868423461914 0.97001785039901733398 0.96800559759140014648 0.96564435958862304688 0.96521538496017456055 0.96271210908889770508 0.96713209152221679688 0.96700578927993774414 0.96708941459655761719 0.9677435755729675293 0.96318036317825317383 0.95451843738555908203
0.95341169834136962891 0.96011936664581298828 0.95858591794967651367 0.95963662862777709961 0.95459312200546264648 0.95767372846603393555 0.95129948854446411133 0.96297109127044677734 0.96304833889007568359 0.96184152364730834961 0.95903533697128295898 0.95498031377792358398 0.93327021598815917969 0.9463564753532409668 0.95411479473114013672 0.95367062091827392578 0.95315378904342651367 0.95594590902328491211 0.95587056875228881836 0.94673877954483032227 0.95546919107437133789 0.96530324220657348633 0.9693438410758972168 0.97086161375045776367 0.97116571664810180664 0.96926784515380859375 0.96672451496124267578 0.96848589181900024414 0.96935999393463134766 0.96710556745529174805 0.96430116891860961914 0.96552127599716186523 0.96216332912445068359 0.96641719341278076172 0.96666806936264038086 0.96665966510772705078 0.96710288524627685547 0.96091508865356445312 0.94492948055267333984
