resources/Output/mapRainfall.asc
NCOLS 83
NROWS 60
XLLCORNER 438041.76728988
YLLCORNER 4527263.899557
CELLSIZE 30.0
NODATA_VALUE -9999
[rows 0 to 18 of 60, columns 0 to 42 of 83]
-9999.0 -9999.0 -9999.0 -9999.0 -9999.0 -9999.0 -9999.0 -9999.0 -9999.0 -9999.0 -9999.0 -9999.0 -9999.0 -9999.0 -9999.0 -9999.0 -9999.0 -9999.0 -9999.0 -9999.0 -9999.0 -9999.0 -9999.0 -9999.0 -9999.0 -9999.0 -9999.0 -9999.0 -9999.0 -9999.0 -9999.0 -9999.0 -9999.0 -9999.0 -9999.0 -9999.0 -9999.0 -9999.0 -9999.0 -9999.0 -9999.0 -9999.0 -9999.0
-9999.0 0.8585597924790163 0.8416281111235059 0.859453647009915 0.8606649712583484 0.8603684304679894 0.8448826744189071 0.867406957057278 0.8581840756567831 0.8870432484983037 0.8954826437132231 0.8988869836641539 0.8989724645654809 0.9010132860562106 0.8996064061031166 0.901965891412465 0.901864346554199 0.9013885265580731 0.9005328582159225 0.8997999626749439 0.8931396022747339 0.8991626424985035 0.9034206928509418 0.9039500624915731 0.9036459789298457 0.9030122531895168 0.902423009934064 0.9006333482122901 0.8959336330763167 0.8994605223002955 0.8962753303946321 0.8991232971314317 0.8990268007216047 0.8983782141487944 0.8993098678498432 0.8997664892783303 0.8996542594248726 0.8996188283612502 0.8973531724439411 0.8995404399061891 0.8996265387366915 0.8917106824313613 0.8927047699297059
-9999.0 0.862943558764303 0.8587648354435335 0.877881111218451 0.8805638528260565 0.8742332372745986 0.8737872885703727 0.8739268434692817 0.8653935543033734 0.8918102820062986 0.8980254876908794 0.8996393281830298 0.8988912056802322 0.9006096026101045 0.8982360818267848 0.9006880000466836 0.8990893978348891 0.8973118770242047 0.8938777818418202 0.8878612437063003 0.8841246087908188 0.8991494865641185 0.9031520707597143 0.9036290822863413 0.9036807518281261 0.9031686604608923 0.9030298833111794 0.9013251795677656 0.8973403861388017 0.899520797000812 0.8958177793800154 0.8981329867746185 0.8969668380269623 0.8944911315712745 0.8976393088609647 0.8989645711637626 0.8980451274420976 0.8992484930752722 0.8983043026229866 0.9000675093865659 0.900525820284709 0.8979152366487229 0.8949749781809259
-9999.0 0.8826219064010667 0.8836728556432651 0.8962600375494232 0.8980681934957088 0.891961364818388 0.8872461973709901 0.8822600122288176 0.8831154495014095 0.8947728371878069 0.9000035593947202 0.8997887640663607 0.8976987764190633 0.8994892827686807 0.8952781673678353 0.8996296596047542 0.9000790143119989 0.899475759218239 0.8985552248499461 0.8963976740642041 0.8961394084705713 0.9003432031241804 0.9028843745840516 0.903326478347441 0.9034203867594052 0.9031081173759524 0.9027266253518973 0.9012385142356458 0.89921997811315 0.9002539154039034 0.8976753441979681 0.8993041770511515 0.8994671922733584 0.89954484579719 0.8998984865321205 0.9007269236085877 0.9007520771287305 0.9001904537121086 0.8995687722693959 0.900525820284709 0.9003266796297097 0.8997395025871787 0.8976443868371787
-9999.0 0.9010236292966435 0.9028223029745178 0.9026141763172069 0.9023893435078446 0.9004077674292648 0.8956307282647077 0.8933799887903788 0.8916935017665371 0.8984717669135833 0.9006691503297144 0.9003508529000432 0.8983813345986449 0.8993782188970338 0.8953374362954516 0.8991202376230697 0.899547660673086 0.8990326749196299 0.898169391128417 0.8952340064527695 0.8979442370736238 0.9017604769138228 0.9025912826670854 0.9028578073951432 0.9032469569005005 0.9031516422438365 0.9029262456060413 0.9017751055088024 0.9002125459203695 0.9012213159142761 0.8998153837317199 0.9006840220188316 0.9006238622041757 0.8999252900969233 0.8993048501561919 0.900735858914556 0.9009948641001211 0.8998194837788834 0.897590058753682 0.9001287059613815 0.8997223682206282 0.9001972466016019 0.899937467997699
-9999.0 0.8951421377449169 0.8970040942799508 0.8989607162490755 0.8992608536653621 0.9005256978859522 0.8991181571579576 0.8971719633891075 0.8958310529348988 0.899969350918737 0.9010495792520204 0.8999627417821994 0.8956855953848709 0.8985459245150021 0.8951830565174901 0.8986229584906364 0.8981686569215545 0.8970975720391702 0.8956908557947343 0.8934026151649317 0.8988682599637423 0.9004539112915019 0.900869767126362 0.9013784277337644 0.902242253250414 0.9027006095325555 0.9029087381091855 0.9022764088345987 0.9011529513695802 0.9022071796350054 0.901402726135549 0.9017132860792103 0.9010563115635354 0.8984963024902303 0.8960286904642153 0.8995878033435606 0.8999318992069295 0.8995519441815151 0.8959161387083212 0.8991439182439972 0.8992211407386547 0.8999728390760194 0.8999727166845137
-9999.0 0.8634437548756264 0.8780748807491721 0.8972518613414784 0.8899651442220544 0.8980820821020007 0.9004641927136234 0.899324370223511 0.8985283640394924 0.9004687214388639 0.900773069047752 0.8994453465995486 0.8935135463552296 0.8973800910386028 0.8934454831239601 0.8975534731286603 0.8969744238528874 0.8962624844029619 0.8972759654528778 0.8993886215175474 0.9025374766882226 0.8979329183316243 0.8967172433413353 0.8997986775880299 0.9011193507157332 0.902207240845389 0.9025880995971661 0.9024667152569571 0.9009360487292105 0.9023107481765302 0.9015147933849856 0.9022500270014561 0.9008919833452924 0.896717732736112 0.8909363004212631 0.8984854113783985 0.8999063195293954 0.8996808787063159 0.8951579792213591 0.8984879200041513 0.8992815974647836 0.8999728390760194 0.8998170971840466
-9999.0 0.8624793471959987 0.8878660718370524 0.8971916013366616 0.8895483720695554 0.8976424902433284 0.9022857740971842 0.9023550038777566 0.9020342006891555 0.9018097490508812 0.9015156502669974 0.8997635519476149 0.8953902832134212 0.8992849629823174 0.8969626780605382 0.899231910329172 0.8999468309171449 0.9001443723490528 0.901672338582894 0.9037935197541515 0.9013951367035262 0.886895363271489 0.8919789128411266 0.8978068835408375 0.9007241695776494 0.9022246246105424 0.902553575600585 0.9026141763172069 0.9019125786942985 0.9022762864129276 0.9016014612774235 0.9024234384166321 0.9007969986689508 0.895212598882777 0.8901452949240781 0.8987704812510021 0.8994395945258836 0.8997926193235355 0.8951516181619238 0.8984367686468654 0.8991007179833743 0.8993335489526835 0.8994371468360391
-9999.0 0.8577968021765584 0.8873013200656938 0.894047000898159 0.887190647231334 0.8978293983684092 0.9028743353609597 0.9028485027753558 0.902909289043903 0.9024675110140259 0.9019658302036592 0.9014209040743882 0.897282327969875 0.9001348256409355 0.8986193484648323 0.9002287632256437 0.8994962587254473 0.900245714929579 0.9028478906296409 0.9040366304602613 0.8978535039779347 0.8891728165565458 0.8962760644518366 0.8998017985136992 0.9013692469938563 0.9022593922376595 0.9026058513470547 0.9025276214741527 0.9021291367213127 0.90224151872309 0.9015408059096076 0.90224151872309 0.9004851839856072 0.8949137543760516 0.8902576540235879 0.8983301226422629 0.8992839839225457 0.8998098150138318 0.8973187901705666 0.8993342220598453 0.8993771174437769 0.8995586142199871 0.8995155956153528
-9999.0 0.8857798847846897 0.891208543351493 0.8949646416659648 0.886637914250982 0.8983587572498015 0.9027265641381199 0.9028136105334084 0.9026490678166853 0.9025365585001385 0.9018872384272667 0.9009012248183103 0.8961803316484995 0.9000638988011893 0.898635868933358 0.9007362261190937 0.8996078747436097 0.8997530877144603 0.9013417048282129 0.9018869935941033 0.893906035765748 0.8725210816422182 0.8925873668780662 0.8994482838300232 0.9013428065132811 0.9020087988837832 0.9024150524042196 0.9025622678005083 0.901938408698934 0.9019556695474507 0.9016094181157014 0.9020160827679136 0.8998115284651357 0.8939780163910631 0.8887307150190674 0.8981823009418838 0.8993003831872876 0.8996370028278454 0.8990146851998766 0.8995761766376859 0.8993169048637835 0.8990758748647294 0.8985768236899752
-9999.0 0.8655482791226674 0.8812873367932171 0.8915317849809823 0.8871787916897145 0.899147528473147 0.9023106869654701 0.9026488229636047 0.9027619457680853 0.9026580049585042 0.9023116051314151 0.9018959912170602 0.8996428162168939 0.9001058795920467 0.9002175641023871 0.8981410018386018 0.8950590163109892 0.8922834099885731 0.8897898262015151 0.8865790069272985 0.8889160368876858 0.8837131734695173 0.8974546070097158 0.9005600919997219 0.9017750443012443 0.9021559466842001 0.9025885893001602 0.9023977294972414 0.9017048394957932 0.9015926475567695 0.899921251198669 0.9012628122738522 0.8994581969897073 0.8948131427095364 0.890443006750998 0.8977849805815578 0.8990758748647294 0.8994473047530954 0.8992825153330813 0.8995941674413371 0.896550300054371 0.8940558074680566 0.8931237031076006
-9999.0 0.892699022037157 0.8960907780231576 0.8968355552796142 0.89697063093915 0.901273767833144 0.9026491290299565 0.9026319281164965 0.9026057901340664 0.9026056064951034 0.902362716510985 0.9014187006859804 0.8990245367087716 0.8950116759604462 0.8953662451681984 0.8954371361730291 0.8897412292260917 0.8865857898051561 0.8816986009696968 0.8679058822021227 0.8847164729925968 0.8971047909105051 0.9002162177606053 0.9016722161691226 0.9025283560239121 0.9025104819961138 0.9027358686368623 0.9027789020636986 0.9020687839807608 0.9010064313706327 0.8985069488702944 0.9003728230911742 0.8985341767367768 0.8944930275204688 0.8915397331875827 0.8978085354420939 0.8989119486565924 0.8994820008544665 0.8995941674413371 0.9002254585649245 0.8996995428455179 0.899355210789371 0.8992096980623682
-9999.0 0.8823776491541426 0.8928210738020124 0.8964938984941263 0.8987959966233455 0.902033037713428 0.9024841607158903 0.9025274378367217 0.9022500882121198 0.9021546000632286 0.9016433265639275 0.9008983483323515 0.8985350333451047 0.8940918288725935 0.898211057462823 0.8988234700880435 0.8975794134231825 0.8971482266107366 0.8973695071273056 0.8974162477282682 0.8986055202433483 0.8997879073427604 0.9008880052305822 0.9020872080519868 0.9025628799275673 0.9024495758903437 0.9026748386391863 0.90272693142079 0.9024500655860976 0.8997115368694417 0.8956605778951254 0.89950121532948 0.8987581824993779 0.8953662451681984 0.8907253834160433 0.8973086345767984 0.8982909031625509 0.8991630096411249 0.8995695065866497 0.8994046538142503 0.900026569102072 0.8998539976801768 0.8993892334367627
-9999.0 0.8614987757716784 0.8832235072609985 0.8895664045002792 0.8901157076641688 0.8969968754869057 0.9010973787687864 0.9019549350426102 0.901937857821314 0.9016859265214457 0.9009410673000041 0.8998853295593124 0.8978897848735465 0.8959113063537519 0.8994993795499013 0.8993985346137815 0.898829405346075 0.8985823304844027 0.8991205435738606 0.8996182776203913 0.9002711731420613 0.9013947082680313 0.9016031138509705 0.9021826955136282 0.9023113602871543 0.9025363748625325 0.9029439367811789 0.9031782102652842 0.9026750834929466 0.8988338720891504 0.8947562012725302 0.8985719899508846 0.8990088722026212 0.8962147708754231 0.8929705221512697 0.8974724713543305 0.8981625385332873 0.8984905510026189 0.8992506959515135 0.8989035657962766 0.9003731902814374 0.9007282088233035 0.9012124413480083
-9999.0 0.8659247997260624 0.8789479942666567 0.8864734757744435 0.875517935483546 0.8917268237257554 0.8980921773574763 0.9005605203969554 0.9009236247179877 0.8999451174409882 0.8991154647920314 0.89844123520155 0.8973973434516516 0.8985060310784299 0.8997497832222191 0.8997428682700216 0.8991038998654249 0.8996149119825152 0.9001425976397534 0.9005568484213053 0.9003559935529445 0.9014719493844858 0.9017757175844046 0.9018617758125922 0.9023906901625702 0.9027280944826732 0.9029788295081915 0.9030053970400445 0.9022421308291891 0.8973206255200225 0.8891510563245946 0.8977627105864854 0.8978180797662111 0.8862124334887247 0.8927673243537546 0.8957158121985067 0.8967067825341574 0.8968379411098087 0.8970542589290176 0.8966219953742917 0.8986988305432917 0.8982265370736652 0.8976866014456384
-9999.0 0.8873630432116684 0.8872043972344429 0.8929011787944091 0.8896258200822277 0.8915558741821171 0.8976175286571078 0.8998607903247268 0.9003266184316365 0.8985368077483201 0.8981738575547457 0.8969304383839571 0.8991945839606826 0.8995069062484712 0.9001818249136652 0.9002598515726485 0.9001571013084004 0.8999590088460385 0.9004864691670574 0.9005129072247113 0.900339408837678 0.9009632836884524 0.9011288372268965 0.9004992597920849 0.9006532382605835 0.9013013710031369 0.9019049276402593 0.9028320972840174 0.9024763867705285 0.8963294060975491 0.8877380355613491 0.897228307892036 0.8979573301220964 0.8953313809386956 0.8967061707914125 0.8955300476387191 0.8956254067218465 0.8971329323269169 0.8955073548905617 0.8958668365761951 0.8985034000755866 0.89771131849379 0.8976443868371787
-9999.0 0.8850600749172362 0.887397143900834 0.8947969348534354 0.8935608790329448 0.8968708533940485 0.8995844377166847 0.9010372774953243 0.9008721539903258 0.8995127195564038 0.8992713173460244 0.89858936694869 0.8959536354186494 0.8977818603317815 0.8993776069785419 0.8989288979665591 0.8986110270547524 0.8992601193724234 0.8998050418297169 0.899603407629495 0.8991615410707262 0.8999725330972582 0.8996678444279769 0.8985999522484632 0.8984009139157053 0.8991532803665467 0.901130795733626 0.901915761534621 0.9015764278842128 0.8952036688824991 0.886405342528593 0.8950236639332925 0.8969839673201135 0.8968441809762938 0.8970104566106779 0.8958845755265277 0.8953889375705636 0.8958842085134182 0.8945487441365106 0.8973732390252884 0.8981359235911541 0.8984775183895868 0.8992784767132472
-9999.0 0.8868604089314971 0.8896642081320401 0.8961150626297899 0.8979026331167305 0.8986960159238431 0.8992235271809346 0.8986350123157507 0.8973369601461559 0.8956686519920116 0.8943234945037852 0.8914421541418781 0.888661464768751 0.8927536271610694 0.89592886188177 0.8968027042954486 0.8951198740941251 0.8972711323899946 0.8978811582059427 0.8970759154588385 0.8960195761679074 0.8969289701660574 0.8962662158558513 0.8937177390600689 0.8933155956550455 0.8972613439159103 0.900006129625173 0.8987942833587443 0.9000881325874447 0.8941657679850298 0.8830123407532303 0.8931011385674424 0.8947054374513084 0.8950021956867943 0.8958274439941312 0.8935144024996997 0.8928610039135246 0.8924620163122805 0.8908567016088469 0.8934975853907203 0.8967115541289512 0.8986361748682368 0.9009104663004682
-9999.0 0.8767451343741939 0.8891322300981909 0.895352911114043 0.8971884812861448 0.8990060574894643 0.8994545866402065 0.8980191858480318 0.8931743970861012 0.8869678389552758 0.8842197883158167 0.8843067825403571 0.8849543169683665 0.8837630212112391 0.8887704439957121 0.8942310844176976 0.8901600885897959 0.8920351645680216 0.8952757207742307 0.8933349196636649 0.8875535931381718 0.8871033810274878 0.8869389341658783 0.8911560260661643 0.8976282352116138 0.9003350637695454 0.8993702027679704 0.8939199181366584 0.8971276710991062 0.8964587853315567 0.8858687269882565 0.8857072963369373 0.8815759648489399 0.8816995781566149 0.8855539948572675 0.8745437302982987 0.8692660869706719 0.877008833752829 0.8729446356815379 0.8830699422376296 0.8859239024653214 0.8907879243883456 0.896801847846765
