resources/Output/mapRainfall.asc
NCOLS 83
NROWS 60
XLLCORNER 438041.76728988
YLLCORNER 4527263.899557
CELLSIZE 30.0
NODATA_VALUE -9999
[rows 38 to 56 of 60, columns 0 to 42 of 83]
-9999.0 0.8965917756070506 0.896232388149308 0.8954279001269835 0.8937682528368329 0.8934019424881314 0.8941883351272653 0.8937418339748086 0.8932142675761097 0.8914552991284398 0.8894041139003607 0.884525127048555 0.8549765858000059 0.8731665489318409 0.892350792042895 0.8949934493784262 0.8947028686870381 0.8952332113135701 0.880551822730489 0.8955284573095432 0.9041321989958702 0.9021032449807078 0.901057107200671 0.8995983285845398 0.8993126826547816 0.8967087401112119 0.8913083820446092 0.8943282037122651 0.8963506939042006 0.8955699282904168 0.8858716598955756 0.8949793207439103 0.8925980676151056 0.8925639475940665 0.8934646850988487 0.8951982252564192 0.8948477603387981 0.8946157146077679 0.8921627105173084 0.894698342770774 0.8949477607551163 0.8948685554433908 0.895763951333923
-9999.0 0.8948731426051084 0.8954033114930154 0.894987149595003 0.8919208271794484 0.8887457508884192 0.890920527329934 0.8891558240114448 0.8896365173729538 0.8885946598602962 0.8863523639348377 0.8822037595971852 0.8443267509430132 0.8720937651764419 0.8926397700345757 0.8927384012877276 0.892213399211033 0.8943220878575616 0.8785316658904071 0.8941102983059529 0.9039498788262927 0.9010825064217524 0.9008666458436367 0.8993045441993492 0.898125277635624 0.8912395403067593 0.8952390831123441 0.8957496380197542 0.8970641695380906 0.8953821481936751 0.889636028353677 0.8947119816873161 0.891053437868858 0.8941069346646776 0.8946437261450814 0.8948825615842982 0.894737852871262 0.8941717614212242 0.8936956011481402 0.8942550583552427 0.8951660528800147 0.8952034853894331 0.89558099948338
-9999.0 0.8914446608587964 0.892621364691285 0.8929002004086247 0.8902231758946841 0.8833156230884532 0.8896937939361121 0.8873272315138166 0.8878140626133768 0.8881481857757115 0.8853579877955676 0.8801231465347965 0.8229601495587572 0.8735237450601603 0.8903059480743231 0.8895196425074153 0.8883243280492887 0.8885562762907468 0.8719430135016808 0.8904133573991061 0.9034376503376746 0.9018433521850747 0.901169109104051 0.9006160286047378 0.8980680099459847 0.8951253176741251 0.8983817017104607 0.8982358982737478 0.8979857800339631 0.8973328000139277 0.8947282505557732 0.8964790946707046 0.892947101893946 0.8949050693136656 0.8946982204487435 0.8945675814437827 0.8935724370492538 0.893260803749386 0.8927330814101989 0.8907758807858064 0.8916417154014891 0.8916281421639286 0.8915929863489183
-9999.0 0.8893807027251006 0.8893643821761464 0.8901674243006468 0.8887111562015688 0.8750710683230831 0.8897670864526654 0.8906050711885257 0.8897626240892115 0.8897684924032445 0.8886200860077081 0.8827554291488013 0.8399685665771698 0.87649133103798 0.8911886735633301 0.8902950054760127 0.8857534278171522 0.8864789142348298 0.8660393563844522 0.8883005529226818 0.9029777276306161 0.9025271929868196 0.901644244664415 0.9008231928002748 0.8977650966548341 0.8904772411732812 0.8948719193617615 0.8951955951910333 0.8948521640041047 0.8948511242496073 0.8882291667954542 0.8889969024531902 0.8923789801446752 0.8935258993045617 0.8938314871792711 0.892441104335067 0.8908551120850513 0.8893056406655316 0.8869094183759932 0.8880088389819564 0.8878191351803407 0.887112180943017 0.8875847610795877
-9999.0 0.8887606645393166 0.8868766027961489 0.8891629144221167 0.8882286167332799 0.8814345200723016 0.8888259426085378 0.8901220041185166 0.889578935532342 0.8893313132877572 0.8882262331309063 0.8856427737577153 0.8524529396673969 0.8789149022032792 0.8924028881250574 0.8920585213642858 0.8910443896203364 0.8904991879504057 0.8731715522636868 0.8879018245301761 0.8998995268516922 0.9029953576873623 0.9021458470316343 0.899674881712141 0.8953830045112064 0.8850916009213792 0.8915534285750645 0.8907609027234528 0.8894284420257199 0.8903946508469561 0.8838939339238202 0.8874457284358596 0.8920059992275923 0.8920474543932255 0.8925756878021054 0.8881894401679061 0.8786278855502859 0.8726260225715781 0.8652475497265164 0.8725234611030911 0.8662315881180244 0.8638378614682757 0.8646149724840239
-9999.0 0.8874925409491703 0.8872647141592752 0.8885344564033659 0.8872990589286598 0.8788302798781825 0.8879750415926327 0.8910941550974115 0.8906888860951802 0.8896085210613423 0.8892439044159612 0.8842926703588766 0.8603634953150162 0.8774375448923061 0.8817298710034034 0.8826253269043705 0.8820814830946965 0.8838111587508957 0.8732686296599816 0.8819094314909981 0.889575940308487 0.9008895352745011 0.9032650772017017 0.9024679394986295 0.8986332990807729 0.8943150546296555 0.8971124992030415 0.8971530596096611 0.8964272814747825 0.8936792117889711 0.888458240005966 0.8904140298575726 0.8933481896550445 0.8936023411903502 0.8936315727347763 0.8912624059778055 0.8876997166999843 0.8830373237487386 0.8815131816613693 0.8825864798356143 0.882618180497151 0.8825779286164203 0.8825103742683862
-9999.0 0.8893978179387352 0.8890605318693063 0.8889830275095142 0.8880151951052924 0.884078119025743 0.8876524753264153 0.8900675980050848 0.8902836961004016 0.8897273531558307 0.8889124306546032 0.8879789530381714 0.8690124353823852 0.8837603944239031 0.8900552496961545 0.8889696415705526 0.8879064082188903 0.8856742406781919 0.874999481324504 0.8888208694834882 0.8863334212597284 0.8983323253012526 0.9026667584686853 0.9033952260692342 0.9015946061606418 0.8964913904066777 0.8987081310309993 0.8987412335001277 0.8987748255900354 0.8944321127020711 0.8868729362582403 0.8894026468797898 0.893314800680874 0.8939865782699725 0.8940613727353063 0.8904537661271078 0.8867891562682878 0.8822268469542273 0.8876573033469256 0.8931664474691258 0.8939176553699326 0.8942991534384651 0.8940689561817902
-9999.0 0.8887408611721 0.8891107755821362 0.8889179316886882 0.8873885270480074 0.8826794443248047 0.8862389528931063 0.8880960527135748 0.8877613203067491 0.8879212593861047 0.8874075330249759 0.8850386910618481 0.85690823372386 0.8832082972441537 0.8893476949033248 0.8876939108259096 0.8850851857372687 0.8825946645815412 0.8595831669645264 0.8879260875485419 0.8826388867694525 0.8966681204719494 0.9023892210846973 0.9032565067846089 0.9028750087231477 0.8995583694478486 0.8987015839761844 0.8984183517796458 0.8983387497262846 0.8949195648096643 0.8857012473257256 0.8865247440859488 0.8924068626035133 0.8939192454221686 0.8932197100336631 0.8901573988306194 0.8872898310508911 0.8853101475603012 0.890400458432597 0.8951380397612168 0.8970048283948122 0.8983616941376086 0.8990938647026484
-9999.0 0.8860043749392709 0.8880370748713153 0.8878396699380076 0.8864163415831673 0.8833900861018293 0.8838400536148645 0.8853120416133686 0.8844116776667479 0.8862361420770066 0.8878114957733348 0.8861957519674153 0.8634963542223426 0.8843141746441616 0.8900965738051319 0.8892943325095043 0.8871932750081062 0.8867081880079264 0.862657666863133 0.8876870048962852 0.886576990397016 0.8962574683539025 0.9017576001635259 0.9029357339484176 0.9030663679737851 0.9009203198113798 0.8995584306408827 0.898509702246431 0.8976346591502381 0.893677132543992 0.8879649574048186 0.8911082166446593 0.893844207486151 0.8950357130849144 0.8954419682802601 0.8962077362094387 0.8970690024932659 0.8965109045683722 0.8985165550972406 0.9012383918275527 0.9021909588974358 0.9026155842173021 0.9028407897422699
-9999.0 0.8803837084012167 0.8853799222914261 0.8861853031179621 0.8825822653051463 0.8865076953544431 0.8823262209853917 0.8827021664080048 0.8840438474852496 0.8863667237308915 0.8894022801246837 0.8876583422883814 0.8689064393460122 0.8861717379628485 0.8902149231702694 0.8904714335390849 0.8885454580207552 0.8866579574934579 0.8647691959519779 0.8883001862117011 0.8877760490083422 0.8959473961512706 0.9013854663071309 0.9025287845112985 0.9031278902515137 0.9020438717560642 0.900894186609553 0.8998498976178425 0.8986784551651948 0.8939702495506309 0.8830330479255564 0.8841391483456678 0.8882307558641438 0.8892354691983086 0.8906078222127117 0.8875273143681894 0.8862938250852697 0.8842649958847738 0.8928687698205354 0.8972254937176558 0.9003104009563498 0.9004288197731384 0.9010942574100395
-9999.0 0.881851898457239 0.8807322147782509 0.8824095934011644 0.8786348456417011 0.8859622138734352 0.8824076388742117 0.8859297683164112 0.8884818933027682 0.8895641428036336 0.8894891403686778 0.8880882297240239 0.8758453796155039 0.8882651653807598 0.8901032981599922 0.8896628633250317 0.8886955091776473 0.8860632174484204 0.8665524104458244 0.8883199275070581 0.8876694650807782 0.8954579937678583 0.9005219035252875 0.9011546650673667 0.9020642544804307 0.8996355341827645 0.8980513069362615 0.8969182644175582 0.8953163954768827 0.8917544596440048 0.8797836396616877 0.8853963579232254 0.8883466975050113 0.8882835619960102 0.8908574352353066 0.8899241263515137 0.8888579705954032 0.8917674216519483 0.8962070021576435 0.899507334597353 0.9005595412033075 0.9012665457311635 0.9016728894448838
-9999.0 0.87553154569094 0.8746504647649932 0.8782846498226035 0.8759706232926925 0.8845806609452818 0.8806651627434772 0.8848333475112324 0.8880139727735387 0.8890789300825451 0.888948920909086 0.8849694688116737 0.8873384761273763 0.8907550337750656 0.8899455827706108 0.8896226414611021 0.8883528705065169 0.8863144175187445 0.8732865686533344 0.8886645208146476 0.8867036660281472 0.8936830645088468 0.8986291995554982 0.8990054455954123 0.9009409448958065 0.8983301838272276 0.896965002747428 0.895785237842043 0.8943739504337829 0.8922399971293424 0.882534745082724 0.8831395165224531 0.887042392957046 0.8871542251009047 0.8913555199793789 0.8926048549461814 0.8941746969832277 0.8984034225186809 0.9008091165056215 0.9026243989009667 0.902563798118231 0.9026587395184851 0.9028668059506962
-9999.0 0.868285186587431 0.8467975767817946 0.8565737574495113 0.8599607718625667 0.8809225646587286 0.8785925356953543 0.8822347259863663 0.8861978295178564 0.8878300748222867 0.8881460466641519 0.8820405617567275 0.8850223171722562 0.8898012572255862 0.8886095121445591 0.8875714382994672 0.885481774806995 0.8815757816288873 0.8695861045096023 0.8882635763060948 0.8804635821638889 0.8907172525095642 0.8934972184723204 0.8956258960589935 0.8994507927151195 0.8945549213012249 0.8899708292767005 0.8867858564157135 0.884422979776467 0.8823579207366096 0.8729997931474242 0.8766895265357676 0.8782618777977623 0.8806439113827423 0.8885140423261255 0.8892874253724155 0.8905224185794247 0.8974350908642762 0.8994342096090737 0.9026685336570618 0.9027197081975891 0.9029013311011272 0.9028665610919274
-9999.0 0.873837142431325 0.869546033070368 0.8730908281180034 0.8763503322862246 0.8762669548462473 0.8744486528694738 0.8790134460857238 0.8834365112593553 0.8867034215968717 0.88643589549071 0.8834608845621038 0.8813325297444802 0.8888694615798205 0.8879435667402007 0.8865667244315771 0.8843990315390138 0.8767044814090542 0.886595139185602 0.8883727341534778 0.877742471498024 0.8857159727034639 0.8907497150438277 0.8951757779782004 0.8998719278246927 0.899310479763888 0.8972710712119996 0.8949595039941853 0.8945462365757744 0.8925164365923862 0.8906413236400124 0.8927854242467299 0.8954609297380577 0.8968586795057947 0.8981250329011573 0.8992930402293577 0.9004987089992585 0.9004042179108462 0.8986345228200106 0.9024692861646536 0.902667431815961 0.9027017113775572 0.9022423756716401
-9999.0 0.8696410581780096 0.8677694097796509 0.8695339567817162 0.8728244375181454 0.8647963834523195 0.8622183342116215 0.8752276096623438 0.8807812522370557 0.8843414827161181 0.8843453315113783 0.879293819705037 0.8788988446591295 0.8875087970477442 0.8869213346771949 0.8853241391229001 0.8815708346888662 0.8695655503393139 0.887313359102026 0.8858426363751046 0.8715583673126771 0.8813931130820013 0.8901320295498869 0.8917742083709356 0.8996644787722103 0.900454278484954 0.9004303497418397 0.8987695634331558 0.8994245412435172 0.8994662743868739 0.8970304000987107 0.8986280370038835 0.9012350256056214 0.9021154869295168 0.9025121959425068 0.9026850612891211 0.9026156454303546 0.9002219091158258 0.8949571186475432 0.9014391432539205 0.9021821446216337 0.9021385630465455 0.9015759994404134
-9999.0 0.8774749657587801 0.8724140675714661 0.8645417020447163 0.858744001980817 0.8353488525741702 0.8744534128194098 0.8791655989797956 0.8807882750580437 0.88347163571394 0.8828347130282255 0.8774607421484367 0.8813498741262711 0.8874292279987706 0.887116825346298 0.8875037246529804 0.8858038977570553 0.8759374201201007 0.8867572577433707 0.8851689500685284 0.8763036383828553 0.8840171512054759 0.8928514035493318 0.8907692170734178 0.8997547399610201 0.9033954709418061 0.9031525604921701 0.902797388745854 0.9028058975290328 0.9011190446994043 0.8988792739006018 0.9000254675722354 0.9011387521714339 0.9014759889532961 0.9019323490468971 0.9020097782292188 0.9020438717560642 0.8993177615441041 0.8942614187980906 0.9012997184829064 0.9017143878080445 0.9018265812068429 0.9014371846826017
-9999.0 0.8871469529144042 0.884846238624299 0.8830020788092406 0.8646842203154318 0.8514736214573156 0.8802736694050115 0.883483180999124 0.8854288015808656 0.8817891133556349 0.8783445411334844 0.87865481014429 0.8810034813658691 0.8871944972301182 0.8883365517888097 0.8881083372653547 0.8871351585402051 0.8819194478951732 0.8886120180879009 0.8895074171891243 0.8663820597753596 0.8826571498630361 0.8919237008825148 0.8870890200724374 0.898395590784802 0.9014924532745241 0.9005170075783209 0.9001128560099939 0.8997152085125023 0.8976027842222343 0.8916983930557479 0.8983042414381918 0.8999401606010216 0.9006559310703771 0.9013792233983141 0.90162869817498 0.9013694918134703 0.898501380934374 0.8935680951472503 0.8995122912072745 0.9003044035575309 0.9002441237936043 0.8999424860317891
-9999.0 0.8934358821514966 0.8901061101643944 0.8767795613535058 0.8617491641871216 0.8167639403482594 0.8713222192603557 0.8772406148088142 0.8828056992014813 0.8780058948990155 0.8689661458181382 0.8734593705988888 0.8733164670557139 0.8830803875088638 0.8834412759600097 0.8843240104279648 0.8823886433373497 0.8687318352916612 0.8826057811885905 0.8810961242511223 0.869267550718141 0.8845657541234258 0.8907105277051309 0.8843354957045076 0.8969506264036269 0.9019241470998837 0.9020882486152307 0.9014141102951314 0.9006375710190014 0.8945096018025619 0.8874468895788509 0.8977517591524339 0.8994861619476068 0.9000000712259526 0.9001361719709758 0.9001937583604337 0.900089907286386 0.8962135474548685 0.89007230503811 0.8981659648302212 0.9000712423661358 0.9001660972661024 0.8993637776313321
-9999.0 0.8892451269119173 0.8862379752178429 0.8826763292049339 0.8620694573017111 0.8258403192893491 0.8709879868404324 0.8830714693233168 0.8829402019763525 0.881415099070952 0.8797843723965812 0.8753672480669934 0.8741066754053258 0.8829817382045724 0.8861360531466622 0.8852126349088552 0.8823171203065916 0.8744475544198484 0.8828058824464117 0.8853874374651111 0.8791828781426253 0.8870171545260019 0.8917238278015502 0.8880140950067066 0.8975998475740987 0.9016055009021651 0.9017007386210866 0.9012423700913977 0.9012584667762364 0.8903360250039017 0.8737300515553681 0.8961864487309725 0.8984639351221877 0.8985183906831357 0.8990152970945355 0.8996350446344556 0.8995662633525491 0.892954072930379 0.8893819252393006 0.8976611502964265 0.8994581969897073 0.899751068302396 0.8990709184869169
