resources/Output/mapRainfall.asc
NCOLS 83
NROWS 60
XLLCORNER 438041.76728988
YLLCORNER 4527263.899557
CELLSIZE 30.0
NODATA_VALUE -9999
[rows 19 to 37 of 60, columns 0 to 42 of 83]
-9999.0 0.8597528373597441 0.8443384273341358 0.8576728515049731 0.8747924742316134 0.8885978992453445 0.8922823093783466 0.8885144090456745 0.8758209658471434 0.8641104429043103 0.8468708189919514 0.8684722835479969 0.8618403270923854 0.8432127024472927 0.8814057550191194 0.8930931278632099 0.8927613929776383 0.8948129592242141 0.8962204597831224 0.8943169505427382 0.8850322759150282 0.8930082515159564 0.8971172098294081 0.9000692840815852 0.9026766138290936 0.9025029528781732 0.8976478741236557 0.8894607777495487 0.8963643352542667 0.8974925381933514 0.8970034825176106 0.8952529674846774 0.8925293385261455 0.8911031422577375 0.892759741976718 0.8956890819352604 0.896536841950278 0.8961842465808174 0.8968463221079173 0.8984017705117673 0.8993958421668478 0.9005059917070312 0.9018437806411166
-9999.0 0.8791947842988332 0.8704478367161781 0.8742535581274122 0.8726869132817944 0.8786694630183898 0.8810783528660014 0.8782639535295433 0.8617759157701336 0.8701077206373016 0.879458250189587 0.8760145688572611 0.8547345512086094 0.8470663374046371 0.8772197988308884 0.8933306390253549 0.8967245842656946 0.8994720264770018 0.8996360849246428 0.8994626028418395 0.8951119228032496 0.8995904346526916 0.9028756820853843 0.9030847327905508 0.9030319646471745 0.9017835521556485 0.8977359744266127 0.8937390208596937 0.897856563069907 0.8975206807844984 0.8976927807015141 0.8994597267992392 0.8990794238776225 0.899727263750716 0.900774415469824 0.8933347973596857 0.8970304612751203 0.8997347294390476 0.902086228698451 0.9026494350963182 0.9021460306615836 0.9015830381624635 0.9011326930374114
-9999.0 0.8815928211096588 0.8770119469167444 0.8804872757400282 0.8772976300803526 0.8779405725019886 0.8816330686127732 0.8763372091385001 0.8722830167426149 0.8810127028629935 0.8831528939043937 0.8790247414570802 0.8583098001030642 0.860330777149169 0.8785091374510849 0.8914150694148378 0.8959703346549459 0.899384888811204 0.8969854355467113 0.894892469871458 0.8917174691085096 0.9001159770407642 0.9022527202710389 0.9027034865725547 0.902037138733742 0.9007300448446328 0.8984337705497181 0.8914936948246522 0.894670208746374 0.8945729023784369 0.8942556087780084 0.8967023779872946 0.895583384990779 0.8964423910781737 0.8974159418335185 0.8971061979793001 0.8981444893113464 0.9001787038608734 0.9020014537962816 0.9025289069362695 0.9022503330547788 0.9014791104394808 0.9009073450041475
-9999.0 0.8859778562171384 0.8868434206817165 0.8879285321887225 0.8892423762962455 0.8908412954667176 0.8912671136230195 0.888201969316435 0.8866019831825891 0.8853932418717951 0.8844303719747474 0.8789078197848412 0.8415043331130423 0.8547084910324643 0.8803275285019971 0.8875658158476284 0.8947612776699757 0.8974664757827879 0.8969968754869057 0.8975655255678168 0.8941277892603228 0.8989662232705453 0.9013364412235675 0.9016911291157556 0.9009654257672653 0.8988819050096681 0.897974950702412 0.8951056841028838 0.896965308627325 0.8956429005409073 0.8916720412658502 0.8946606065011143 0.8948088002245508 0.8958359464161504 0.8970149224800426 0.8976071891961777 0.8976399206651808 0.8998985477273861 0.9010639619234158 0.9017061248449518 0.9016348800436693 0.9003805340897342 0.898981092244778
-9999.0 0.8840718878269483 0.8841024940503097 0.8854021623355948 0.8808101985082364 0.8776790434702508 0.8803658773518678 0.8856199221204786 0.8867801122307442 0.8867556689308677 0.8845170627485152 0.8787067058473639 0.838518525595954 0.8689829783589771 0.8810396956437353 0.8859044107580825 0.8945047090224694 0.8969738732685391 0.89678630943437 0.8963751015357505 0.8917084202067572 0.8986470049694244 0.9007325540743664 0.9009492683849067 0.9004212311320845 0.8980940740430609 0.897123143998492 0.8930952069766172 0.8970570730515062 0.8963210867381146 0.8939137413963641 0.8962901950643468 0.89564858909758 0.8968991776280056 0.8986797400976314 0.8993783412807371 0.9002148714190178 0.9003519544682838 0.8981484050717756 0.8990725094227174 0.900362602967977 0.8988089073060147 0.8974054190602571
-9999.0 0.884282101510037 0.8869660056678182 0.8880892687144383 0.8870062158572168 0.8881700047421867 0.8878708388547261 0.8881653598037875 0.8881193994877893 0.8865266994980504 0.8835249640586997 0.8785837440431373 0.8475109850827175 0.8739337388924687 0.8839321146083196 0.8845527412210417 0.8919533551048405 0.894195979835641 0.8942376283179484 0.8917935291478863 0.8812387240869085 0.8972225571887769 0.9011563175619585 0.9011049679591074 0.9004985866008572 0.8985974435925154 0.8973084510420736 0.8938578451423139 0.8960879030235612 0.89653072463669 0.8958851872150758 0.897896331357141 0.8991337606576232 0.90034167316976 0.9017322603161393 0.9026152781520459 0.9026760629080518 0.9001694019058033 0.8960117464440076 0.8975408700871755 0.8983700153247621 0.8972054274554881 0.8964418405253913
-9999.0 0.882211821842165 0.8869368564466983 0.8872141139157875 0.8873642043441528 0.8896341945316214 0.8889343736880339 0.8880008327175016 0.8867723514759417 0.8848817961967114 0.8803336960608124 0.8745408010684561 0.8464690287210714 0.8736598177236381 0.8799612074907509 0.8813976934919597 0.8888917712449838 0.8910778926391528 0.89033296840087 0.8839443324612483 0.8861443632968622 0.8974702688990286 0.9011602345873428 0.9000351977569582 0.8988056643366465 0.8988301396050635 0.8969404712124872 0.8954028221676289 0.8959282501903391 0.8971588714471418 0.8967110035601961 0.8994034911658519 0.9006796155899581 0.9017865513291892 0.9023219498072822 0.9024686740437096 0.9019565264698375 0.8984789868521147 0.8928543998402679 0.8926762139456685 0.8960895546189651 0.8950056208167996 0.894646967660335
-9999.0 0.8841580864561918 0.8827081523426259 0.8830952308097257 0.8830579698947502 0.8849603654834358 0.8866282592901331 0.8833571610353406 0.8781740869919501 0.8741049057486913 0.8640483311400419 0.8549044313833379 0.831458248226095 0.8565015288320516 0.8563472076455909 0.8695732352757458 0.8829564499488597 0.8874242778734539 0.8883273839826382 0.8742293927941273 0.8832141613440138 0.8956644314404887 0.8964382925193555 0.8924796875814832 0.8893141370730224 0.8876161124690548 0.8926682036105739 0.8946626248066152 0.8964962842364751 0.8976438973935674 0.8976076786378558 0.8999998876381587 0.9015799166415964 0.9015965035585339 0.9019677276768239 0.9020173069506766 0.901115984536667 0.8966824963781667 0.8887038216557767 0.8912270070085171 0.8962325104916047 0.8957928227015812 0.8940452273538481
-9999.0 0.8950237250964589 0.8935527456227353 0.8922117483082902 0.8920833456681901 0.8915417508103509 0.889242315171462 0.8899851947530593 0.889273244363908 0.8895410979804187 0.8873206314209989 0.884630024693711 0.8609560382374289 0.872780080534064 0.8886323101421738 0.891715696012195 0.8931717675966512 0.8922914811342524 0.8910381536704578 0.8868019279311615 0.8851724937260853 0.8949903300676515 0.90010906181713 0.9004042179108462 0.8986432725602476 0.8916336448253915 0.8910729405429155 0.8929818348295042 0.8948747328217014 0.8973148135813227 0.8966344748210583 0.9009308465550135 0.8999061971387623 0.9010858113857149 0.9009978630207308 0.9007364709221268 0.9002422266702966 0.8969665933230034 0.8883278118133887 0.8926888103645538 0.8966820069852484 0.8959470291356734 0.8949073934844912
-9999.0 0.897094513197077 0.8971398453400838 0.8965037473318866 0.8959415239034572 0.8955783693092676 0.8942324910500707 0.8944315622687949 0.88370529315304 0.8839167812261438 0.8814454520379401 0.8731056549471538 0.8136942972922522 0.8710710710032231 0.8889403637174341 0.8895176864553934 0.8883291564244487 0.8877356520868193 0.8848598629010881 0.872504181387117 0.8782873360706198 0.8924092472914097 0.8973892678500657 0.9005578888142597 0.9018032610279401 0.898236204195478 0.8932521202406337 0.8931406418366163 0.8934002302201336 0.8959443376884034 0.8950604842327066 0.900025528768334 0.8979064875931478 0.8994923423981989 0.8995049480824048 0.8997783609993959 0.8992165514282958 0.8975133392307643 0.8888054056377224 0.8946329618761633 0.8963962059306018 0.8962205209541919 0.8961518872680165
-9999.0 0.8972679511347857 0.8966702003889176 0.895905862311749 0.8946440319483586 0.8936310835031458 0.8900752392936848 0.8922731376315729 0.8891141373975726 0.8877569200353577 0.8850679564080353 0.8797147017866486 0.8499606421853959 0.8753184842333377 0.8917490791932388 0.8914708897182467 0.8897543717789538 0.8896741108079017 0.8866649848602361 0.8804401939782924 0.881594958681196 0.893097224940078 0.8968364729065396 0.8996636220600276 0.9012164196008106 0.900205814217022 0.8991293549609523 0.898846905201054 0.8978242591094869 0.8964901669496319 0.8930796136374861 0.8982818478303528 0.8964294225102036 0.8978878882296282 0.8977096666098097 0.8994344543779522 0.8994517106000797 0.8984959965599487 0.8912286577346259 0.8983785812604872 0.8990416086028942 0.8986530624891425 0.8981696970479601
-9999.0 0.8973985670282617 0.8970331530375403 0.8969656145072323 0.8947655589711919 0.8941304190220598 0.8911700265704158 0.8915663291595965 0.8890498352506849 0.8891096142279995 0.8866935221357115 0.8835804918433456 0.8622148605913629 0.8783693280719134 0.890239131182922 0.8907629813102388 0.8886197804045555 0.8877360798898943 0.8873788712935012 0.8811192087829149 0.8833569777792751 0.8917571498705674 0.8929959604093753 0.8969681227228524 0.8992948759682977 0.8996470385754224 0.8995029287240797 0.9008197043252754 0.9015003488143166 0.8983498854068478 0.893344398226989 0.8974489173455265 0.8935827720073088 0.8968389199121172 0.8981142645910014 0.8988953053208645 0.8996951368814199 0.8986433949342953 0.8957834027963133 0.899076976282379 0.8994996855131395 0.8991874246579148 0.898582146924536
-9999.0 0.8968390422624131 0.8966800494138334 0.8964915127523913 0.8956473045844778 0.8954985469386011 0.8903497797301361 0.8918738086332807 0.8912163078649961 0.8914451499743722 0.8900213836272242 0.8862405416156326 0.8670651894647272 0.8803438939148259 0.8904730841294829 0.8902201804605205 0.8882288612053534 0.8890919494384857 0.8878492650637967 0.87980653765523 0.8834489117034534 0.8867029938421551 0.8917600235225368 0.8963232889207681 0.8996565847843605 0.8997238980735045 0.8985328918244329 0.9014067656744597 0.9022524754283174 0.9002667057103286 0.8966342912996607 0.8975085672239479 0.8939402219061351 0.8983563098440039 0.8990756301052694 0.8993777905540852 0.8999271259603443 0.8979644884788227 0.8923635103080748 0.8988613456655913 0.8989030762864183 0.8983147652287979 0.8979160320178198
-9999.0 0.8947787086944597 0.8955996553909628 0.8956923238166246 0.8936214823376419 0.8953505868313392 0.8875288422015847 0.8939493953105957 0.8945130879099576 0.8936094961832556 0.8909633837381195 0.8877656594653341 0.8691624054731626 0.8807535884822517 0.8886401947175622 0.8883613049113447 0.8871556306502237 0.8885813967296927 0.8877060114939367 0.8787666610201482 0.8828364233198571 0.8916155471956325 0.8975861432284022 0.9009745449082779 0.9026589231584891 0.9015516393823755 0.8993832366301852 0.9017340353273684 0.9026843879405787 0.9006180482039643 0.8981939259077294 0.8977535945874084 0.8951844632946514 0.8997212055326099 0.8995915361311528 0.8996773906582144 0.9003490169532644 0.8956649819471001 0.8867802344474082 0.8964996487459583 0.8977962379620045 0.8974760197556374 0.8967682628856982
-9999.0 0.8925242633557343 0.890951278769481 0.8920290502332343 0.8868568035089369 0.8900156985412602 0.8834806764651121 0.8954502256845287 0.8955294971401273 0.8942911416948064 0.8914122570098284 0.8872537751940023 0.8650222380196202 0.878416215866257 0.8863664182030807 0.8859110709292223 0.8853812664683777 0.8882438351323025 0.8881665821557693 0.8788078117464807 0.8877550254747162 0.8978437760721524 0.9019922112360309 0.9035509663153785 0.9038633116572785 0.9019141701143245 0.8993027696498604 0.901111210684797 0.9020087988837832 0.899693974196797 0.8968152451602261 0.8980675816633094 0.8946213413726453 0.8989872723603926 0.8992448216160277 0.8992361936924966 0.8996912204706359 0.8933406068004909 0.8769546892902769 0.8942594617382866 0.8961521319504874 0.896191648254248 0.8956142131416686
-9999.0 0.8908129286694031 0.886467487361139 0.8864399284893545 0.8841362159965988 0.8845918410777077 0.8935410653243678 0.8954984857722973 0.8951744935306845 0.8936875287735706 0.8914197159989113 0.888118421611234 0.8597792782140372 0.879193563153883 0.8835540412721111 0.8825082975604198 0.8884042716015192 0.8918211041244756 0.8900314089486875 0.8818890933385631 0.8924378024482663 0.900370007966303 0.9022100565234701 0.9031360932523715 0.9035423956371423 0.9013691245840518 0.8960467355739457 0.8997120876158086 0.9003309022977369 0.8986433949342953 0.8936743806028274 0.8969988943013444 0.8958188192430757 0.897966507503511 0.8982496035771339 0.8985164327248604 0.8987480865213798 0.8922297248207541 0.8772523352633558 0.8942388514773878 0.8960572568066786 0.8958835968249348 0.8951936990978465
-9999.0 0.8916147523681144 0.8901747600173598 0.8916291204146148 0.8852532650533772 0.8805076107402413 0.893619892336675 0.8942847812315032 0.8935018049533666 0.8923033432854328 0.8899219868252947 0.8858903572019209 0.8581419851748581 0.8777976585194867 0.8824366514269759 0.887143225157182 0.8934680485062052 0.895128559358118 0.8917086036303532 0.8820406839097003 0.8942011170832224 0.9007412445825554 0.9017271189062033 0.902632968740257 0.9029783397848087 0.8999271871557978 0.894837179318228 0.8979726869454326 0.8980458616392091 0.8969061516427149 0.8925323958590676 0.8959341835989223 0.8906015865590728 0.8935694405251177 0.8951325961737342 0.8950358354114073 0.8950961425692822 0.8904349372271877 0.8768490871628306 0.8917986650574432 0.8919161803423454 0.8915330077815509 0.8920217741801281
-9999.0 0.8921833161408171 0.890706798497521 0.8933964999230958 0.8871261141599451 0.883928510344844 0.8936448431526449 0.8931928035332367 0.8927058094425707 0.8913132731290718 0.8886252201421958 0.8821547144281519 0.8474360947917035 0.8717533421142838 0.8842650569762355 0.8916011180298407 0.8951354708768372 0.8957841368145616 0.8877145064169182 0.8778985100132998 0.8970925555386661 0.9026502308689054 0.9019657689948539 0.9019480184581878 0.9019734200986259 0.8981830963338208 0.8903535699249859 0.8962799794245748 0.8967651429774517 0.8954036173213952 0.8886371998005298 0.8943382337227386 0.8901298899751998 0.8931177715022656 0.8934862720801001 0.8932695484178668 0.8943304054209489 0.8921503593941581 0.8752663639838003 0.8913672586466206 0.8945969383627878 0.8958260371192976 0.8957674990818801
-9999.0 0.8950391382273254 0.8949448249476777 0.8955022169175667 0.8925849821440759 0.891546519738653 0.8953686306202785 0.8954301020973899 0.8947446417754888 0.8931421094535908 0.8911777299137241 0.885546051845711 0.8651950008637177 0.8724048549036664 0.8903044197776862 0.8955282738100404 0.8966979734425222 0.8961978876860272 0.8824650532791235 0.8918726469297182 0.9027541103783088 0.9029262456060413 0.9013687573546478 0.9010484163987045 0.9004771669053147 0.8969613933654017 0.8894197621343906 0.8948299622128741 0.8962457234691592 0.895341656697957 0.8840924141450043 0.8942937715030279 0.8925839426448374 0.8917729243966892 0.8927662848339534 0.8944663619481642 0.8947426846133989 0.8938686696640069 0.8827259880079883 0.8938058019976309 0.8952535791315145 0.8955540861091378 0.895718381243888
