resources/Output/mapSnowfall.asc
NCOLS 83
NROWS 60
XLLCORNER 438041.76728988
YLLCORNER 4527263.899557
CELLSIZE 30.0
NODATA_VALUE -9999
[rows 38 to 56 of 60, columns 0 to 41 of 83]
-9999.0 0.07237122512941217 0.07238110118355234 0.0724031559408237 0.07244842373223626 0.07245837308530315 0.07243699518693222 0.07244914180302259 0.07246346463592937 0.07251099066925022 0.07256596805404736 0.07269480691642717 0.07341570937087352 0.07298410199557046 0.07248683897496887 0.07241503589310211 0.07242296985791323 0.0724084822947474 0.07279770746838823 0.07240040319259379 0.07216067250796386 0.07221795221141142 0.0722473065971487 0.0722880354002762 0.0722959826872062 0.07236800777897653 0.0725149443663079 0.07243318556398431 0.07237785171932565 0.07239926759412847 0.07265952176460996 0.07241542187947389 0.07248015384724515 0.07248107669898403 0.07245667001186415 0.07240943900012362 0.07241901495360606 0.07242534763816616 0.07249191913890898 0.07242309335730411 0.07241628399924777 0.07241844714417457
-9999.0 0.07241832188534643 0.07240382887993242 0.07241520800243723 0.07249844661124337 0.0725835123458956 0.0725253701650368 0.07257259038055229 0.07255976307555422 0.07258753169316526 0.07264687475184155 0.07275514703780936 0.07364986337321935 0.07301064706001414 0.07247902573340696 0.07247635682331091 0.07249055041035832 0.07243335218874108 0.07284932489677291 0.07243911972678262 0.0721658383476996 0.07224659534830802 0.07225263774789396 0.07229620898265966 0.0723289207933167 0.07251679612754904 0.07240832171491482 0.07239434436677278 0.07235822150729494 0.07240440802021576 0.07255977613842562 0.0724227211830157 0.07252179936578741 0.07243921128588923 0.07242458350729318 0.07241806467957412 0.07242201516087447 0.07243744646100521 0.0724503982318751 0.07243517811166855 0.07241031864250713 0.07240929516886137
-9999.0 0.07251127703893215 0.07247952365023401 0.07247197623509839 0.07254407239939363 0.07272632349265595 0.07255823289333058 0.07262114528371391 0.07260825571645224 0.0725993936284458 0.0726730068352783 0.07280870023563052 0.07407707002194663 0.072975233507595 0.07254185543163712 0.07256288430659984 0.0725947165962389 0.07258855236362305 0.07301436643306286 0.07253897742028532 0.07218033199519377 0.07222525614689371 0.07224416969047416 0.07225964652736296 0.0723305053744669 0.07241143223820838 0.0723218210935881 0.07232585890796114 0.0723327800092001 0.07235081569622748 0.07242227721597302 0.07237432319445156 0.07247070585825417 0.07241745001634468 0.07242309669509259 0.07242666046278338 0.07245374417341313 0.07246220249881836 0.07247650080455571 0.07252925398268936 0.07250597047590421 0.07250633613668828
-9999.0 0.07256659277138759 0.07256702824137602 0.0725455652087846 0.07258443286930177 0.07293664373541056 0.07255627428862596 0.07253383722353834 0.07255639355440378 0.07255623671125482 0.07258685548524248 0.07274086358852631 0.0737416566767861 0.07290097625527778 0.07251816403661711 0.07254214856263821 0.07266262831165458 0.0726435408882984 0.07315791282323723 0.07259534809423736 0.07219332076251578 0.07220602156118795 0.07223084669606696 0.07225385346193884 0.07233888077340142 0.07253726504443193 0.07241835528793894 0.07240951091455271 0.0724188947157921 0.07241892310547848 0.07259724381361535 0.07257682540528992 0.07248607725619738 0.07245500799555142 0.07244670468737519 0.07248439817424122 0.07252712688536654 0.07256859534926258 0.07263218586703922 0.072603091133189 0.07260812127007325 0.07262683042533088
-9999.0 0.07258311546925762 0.07263305216181937 0.07257240136442451 0.07259725841872347 0.07277500496543078 0.07258137801424742 0.07254678112173085 0.0725613010364797 0.07256791050264905 0.07259732170711625 0.07266553429267306 0.07347244941704639 0.07283956916750396 0.07248543112723285 0.07249473160536533 0.07252204252144319 0.07253667666371842 0.07298397787593658 0.07260592920662724 0.07227964551383369 0.07219282330266233 0.07221675421968743 0.07228590397368496 0.07240438458780088 0.07267998816864121 0.07250834853377924 0.07252965601366568 0.07256531880205154 0.07253947875306536 0.07271127521200227 0.07261801040112952 0.07249614891294055 0.07249503027313887 0.0724807591738855 0.07259829853579483 0.07284687711765948 0.0729974937342244 0.07317685126282453 0.07300003085824827 0.07315330377342387 0.0732103833801487
-9999.0 0.07261677151487712 0.07262279855719186 0.07258913250859471 0.07262189036402844 0.07284172479636301 0.07260398759727126 0.07252070504716264 0.07253158867866775 0.0725605108799249 0.07257024192667513 0.07270087721756659 0.07329201378032484 0.07287708301869665 0.07276738856737729 0.07274423527247481 0.07275830817865972 0.07271343147546484 0.07298156905693048 0.07276275319974815 0.07256138102596282 0.07225199727054114 0.07218520842674662 0.07220769026409313 0.07231484785819582 0.07243354380184677 0.07235688971689483 0.0723557718162738 0.07237574727355739 0.07245084357298552 0.07259115851574893 0.07253895939775798 0.07245983178736388 0.07245293193943478 0.07245213787617952 0.0725161811278214 0.07261128562869609 0.07273355140665645 0.07277297745573723 0.07274524164066297 0.07274442041964412 0.07274546314427924
-9999.0 0.07256613606527335 0.07257513012132207 0.0725771950152344 0.0726029225246221 0.07270647442515478 0.07261253698336555 0.07254823728164161 0.0725424515045646 0.07255733616227372 0.07257907528071178 0.07260388385421167 0.07308613814467155 0.07271475347749874 0.07254856773270606 0.07257755157792266 0.07260580767189649 0.07266470805595603 0.07293843527894982 0.07258151305906103 0.0726473736230313 0.0723231887687859 0.07220208955744066 0.07218153109293864 0.07223223975899669 0.0723739852033169 0.0723127724563457 0.0723118541864856 0.07231092220876355 0.07243035394626315 0.07263314894667723 0.07256600720270846 0.07246073770629122 0.07244248657309833 0.07244045136625456 0.07253789433648694 0.07263536005040931 0.07275454998041105 0.07261240910789925 0.0724647613398447 0.07244436145046998 0.07243397699293179
-9999.0 0.07258364246371475 0.07257379114732805 0.07257892878747628 0.0726195238869512 0.07274283302176388 0.07264986091216002 0.07260077721577425 0.07260965345602693 0.07260541388244782 0.07261902105124289 0.07268137383302571 0.07337175735225639 0.07272911198798329 0.07256747346499334 0.07261143943154157 0.07268015619401665 0.07274502962195717 0.0733101485626246 0.07260528585479345 0.07274388395098369 0.07236912528070039 0.07220990653500332 0.07218545051624713 0.07219621845014633 0.07228914769976506 0.07231295405854148 0.07232080574780787 0.07232301083438122 0.07241705412877936 0.07266399884336422 0.07264233308571066 0.07248532370804074 0.0724443182030801 0.07246331704024923 0.07254583361406382 0.07262213439394308 0.07267426120873671 0.07253932311490943 0.07241108446920408 0.07235985637466716 0.07232237531553672
-9999.0 0.07265603276668363 0.07260234208584349 0.07260757697438232 0.07264518954282378 0.07272438804539474 0.07271267886431558 0.0726742115515653 0.07269777027477317 0.0726499349033954 0.07260832374840984 0.0726509980226942 0.07321847110960505 0.07270031592239876 0.07254746179682137 0.07256889698343072 0.0726246872200893 0.07263749618337026 0.07323827415538325 0.0726116223708306 0.07264095588966828 0.07238041244576282 0.07222766443807282 0.07219450554107316 0.07219081928501321 0.0722511357850677 0.07228914599653707 0.07231827433751112 0.07234248412845003 0.0724509000692547 0.07260425505157365 0.07252032708439902 0.07244635882728986 0.07241388113776893 0.07240277089442312 0.07238177809151397 0.07235808834039313 0.07237344875364837 0.07231808440058238 0.07224222854477995 0.07221548543003466 0.07220353155096418
-9999.0 0.07280202105013149 0.07267243162375189 0.0726512730193004 0.07274535081138343 0.07264278241710688 0.07275197938619277 0.07274224416313375 0.0727073680090548 0.07264649654718652 0.07256601698983442 0.07261238159003645 0.07308871505434221 0.0726516300132861 0.07254429339736153 0.07253742073465386 0.07258884000549515 0.07263882100477685 0.0731882563693017 0.07259535783404773 0.07260926315833899 0.07238892248618134 0.07223810607244702 0.07220597673511377 0.07218908257940235 0.0722196214795939 0.07225186711271259 0.07228102863663535 0.072313595566959 0.07244293080418367 0.07273366238749168 0.07270488283367446 0.07259720162088107 0.07257046686995587 0.07253376343311117 0.0726158510791481 0.07264841628849747 0.07270159948590757 0.07247282742662976 0.07235377497219952 0.07226818422677982 0.07226487744040558
-9999.0 0.07276423882514282 0.07279307521563673 0.07274982183983142 0.07284670001473646 0.07265714137455621 0.07274987242908847 0.07265799437824418 0.07259052982772578 0.07256169607637769 0.07256369863284061 0.07260098480748652 0.07291722744454991 0.07259628791332796 0.07254728181796688 0.07255905927202722 0.07258484917308522 0.07265448518616807 0.073145601786597 0.0725948334851821 0.07261208697909988 0.07240233224842726 0.07226227702198529 0.07224457431226773 0.07221904846706052 0.07228699958727448 0.07233096747274527 0.07236224052912713 0.07240620704132504 0.07250293235571455 0.07281739126925221 0.07267200057854507 0.07259412237569528 0.0725957993555684 0.07252706450571864 0.07255207563135149 0.07258052537261593 0.07250258297582494 0.07238179824650483 0.0722905680418618 0.07226122528826068 0.07224143958267475
-9999.0 0.07292510545366494 0.07294716121362793 0.0728556039302446 0.07291408030528321 0.07269335580163495 0.07279479747210782 0.07268674855881298 0.07260295494971422 0.07257463985004141 0.07257810347606802 0.07268318621925142 0.07262084787206868 0.07252981353703183 0.07255150174905026 0.0725601337236723 0.07259395838648024 0.07264787406109592 0.07298112380866013 0.07258567356510645 0.072637615461673 0.07245073888739481 0.07231496153696368 0.07230452047838229 0.07225055854608883 0.07232324807919722 0.07236095336171014 0.07239336866166589 0.07243193907318914 0.07248983207969963 0.07274658160539788 0.07273089832167924 0.07262867422347162 0.07262571934973244 0.07251367610096014 0.07247997025305948 0.07243736653286485 0.07232121936310298 0.07225424723832807 0.07220328319066802 0.07220499048813912 0.07220231553555523
-9999.0 0.07310379183560056 0.07359677776788455 0.07337940023209588 0.0733013821876095 0.07278818317102514 0.07284777652503452 0.07275434620828794 0.07265094334347622 0.07260783130917821 0.07259945040558831 0.07275936570760863 0.07268180258612669 0.07255536092969454 0.07258713670590672 0.07261468294066614 0.07266975991324125 0.0727713634244427 0.07307216840878965 0.07259633011246971 0.07279997200791727 0.07253082749747228 0.07245578675669295 0.0723977347230047 0.07229214130847023 0.07242700572272728 0.07255082642833459 0.07263544712295737 0.07269747512405424 0.07275115914130771 0.07298823709107236 0.07289598018321583 0.07285618242724716 0.07279534321253989 0.07258967522678732 0.07256908121748236 0.07253605380392868 0.07234799352980029 0.07229260266215728 0.0722020395307565 0.07220059722718405 0.0721954760111068
-9999.0 0.07296744013023357 0.07307314547420114 0.07298598007299614 0.07290452773292681 0.07290662675274627 0.07295220030529505 0.07283705785890526 0.0727231810363519 0.07263762190908034 0.07264467438771954 0.0727225472546852 0.07277763270988628 0.07258021943375169 0.07260482233941477 0.07264122652193242 0.07269810050663814 0.07289560301784884 0.07264047742018753 0.07259343066811455 0.07286936096050221 0.0726636121098418 0.07252995628911033 0.07241005275564807 0.07228041470831555 0.07229604394086298 0.07235251820153257 0.0724159632239791 0.07242724255696441 0.07248236151959832 0.07253286475880563 0.07247508401836239 0.0724022518825789 0.07236388113319722 0.07232892756583553 0.07229652884593984 0.0722629250825718 0.07226556456423072 0.07231481392386035 0.07220765234349001 0.07220207058184422 0.07220110448293451
-9999.0 0.07307082816021816 0.0731162741684209 0.07307343989420276 0.07299258191744655 0.0731876088844188 0.07324861408346317 0.07293272402703403 0.07279181534059596 0.07269960306270538 0.07269950258547529 0.07282990660098877 0.07283997827371179 0.07261634124096515 0.07263187125942076 0.07267389437643941 0.07277149098917958 0.07307266960662125 0.07262151217872066 0.07266028450599417 0.07302384437911535 0.0727760719468795 0.07254651275790358 0.07250240003798104 0.07228619365555468 0.07226416631371105 0.07226483470652881 0.07231106821021466 0.07229287162867533 0.07229171056964968 0.072359151914676 0.07231499377387361 0.072242322871121 0.07221760798219903 0.07220644394649686 0.07220157374776943 0.07220352982627057 0.07227065429305178 0.07241602838274895 0.07223660091519261 0.07221573335298043 0.07221695906346326
-9999.0 0.07287613594375696 0.07300273562860506 0.07319367080599709 0.07332956896872472 0.07383637335598059 0.07295208150783501 0.07283317815383773 0.07279163488681634 0.0727222676695417 0.07273880793752027 0.07287649594461588 0.07277718592298948 0.0726184470229819 0.07262670770043216 0.07261647550269412 0.07266130241059804 0.07291491481737711 0.07263620169812689 0.07267796188108247 0.0729057033478689 0.07270806398461498 0.07247329768551812 0.07252943284868313 0.07228367982492111 0.07218152417232974 0.07218838604752818 0.07219840732056983 0.07219816740705229 0.0722455720484763 0.07230802358994914 0.07227613441973987 0.07224502005433428 0.07223556753736064 0.07222275585880138 0.07222057983563056 0.0722196214795939 0.07229584146136947 0.07243500487129403 0.07224050986284025 0.07222887771874846 0.07222572721373342
-9999.0 0.07262591154189597 0.07268641128542609 0.07273446614131636 0.07319027954168829 0.07349425898895723 0.07280484272548429 0.07272196741801973 0.07267114961156408 0.07276585963352865 0.07285408217269489 0.07284619197698054 0.07278610231852244 0.07262465491267302 0.07259439189282474 0.07260045121743688 0.07262622323531391 0.0727624945157717 0.07258707005941856 0.07256321070292734 0.07314969292076023 0.07274341074036936 0.07249836910037802 0.07262744239721862 0.07232143633134781 0.07223510572851298 0.07226241382092037 0.07227369707912697 0.07228478091281804 0.07234336438721577 0.07250444336308418 0.07232396654048229 0.07227851288190168 0.07225853108218584 0.07223828110919912 0.07223128302481964 0.07223855395169415 0.07231850496793664 0.07245386209650026 0.07229043010810203 0.0722683516594119 0.07227003429874397
-9999.0 0.0724574518889144 0.07254720655251606 0.07289370909001648 0.07325963073616712 0.07419007892482377 0.07302965460070256 0.07288206438229788 0.0727395602843326 0.07286268122639143 0.07308726367119109 0.07297683290673963 0.07298038164229183 0.0727324335506162 0.07272305714470213 0.07270005917546317 0.07275036406988289 0.07309295702170056 0.07274474164356151 0.0727837189851946 0.07307993049239775 0.07269374535549994 0.0725310079584033 0.07269975935714607 0.07236134931049515 0.07222298632221211 0.07221837386880553 0.07223730290535099 0.0722590443465361 0.07242824150089118 0.07261797967468485 0.07233924931161234 0.0722911572085744 0.0722768425859375 0.07227304663196417 0.07227143987932579 0.0722743372220284 0.0723816185289707 0.07254811131293236 0.07232779476607741 0.07227485782696187 0.07227221171454408
-9999.0 0.07257020932550905 0.07264988664834732 0.07274291374762273 0.0732521127401008 0.07402285627771846 0.07303786687760569 0.07273266506787812 0.07273607172408367 0.07277550543336149 0.0728173725263735 0.07292922514019597 0.0729607283352005 0.07273499398894673 0.07265256902926825 0.07267681718137738 0.07275221484878396 0.07295222771970764 0.07273955553298077 0.07267223453267829 0.07283273738716588 0.07262934088532534 0.07250375793511754 0.072602951707213 0.07234344548001427 0.07223193403078158 0.07222926090599162 0.07224211706651955 0.07224166598979685 0.07254104965874389 0.07297010449726431 0.07238236256094696 0.0723195427061249 0.0723180335237006 0.07230424687992747 0.07228701321742645 0.07228892797981183 0.07247051701900144 0.07256656015065853 0.07234175246143014 0.07229193530638706 0.07228378210071609
