resources/Output/mapSnowfall.asc
NCOLS 83
NROWS 60
XLLCORNER 438041.76728988
YLLCORNER 4527263.899557
CELLSIZE 30.0
NODATA_VALUE -9999
[rows 0 to 18 of 60, columns 0 to 41 of 83]
-9999.0 -9999.0 -9999.0 -9999.0 -9999.0 -9999.0 -9999.0 -9999.0 -9999.0 -9999.0 -9999.0 -9999.0 -9999.0 -9999.0 -9999.0 -9999.0 -9999.0 -9999.0 -9999.0 -9999.0 -9999.0 -9999.0 -9999.0 -9999.0 -9999.0 -9999.0 -9999.0 -9999.0 -9999.0 -9999.0 -9999.0 -9999.0 -9999.0 -9999.0 -9999.0 -9999.0 -9999.0 -9999.0 -9999.0 -9999.0 -9999.0 -9999.0
-9999.0 0.07333382069361735 0.0737069809519034 0.07331315151384585 0.07328498790579636 0.07329189885482557 0.073637985070904 0.0731250270368732 0.07334247990687959 0.072628651623454 0.0724016574791704 0.07230780958236135 0.07230543635711532 0.07224853354162565 0.07228781053335079 0.07222181328643998 0.07222466640831085 0.07223802026848528 0.07226197092439861 0.07228242000093824 0.07246548916839389 0.07230015346564247 0.07218081131290828 0.07216583314560698 0.07217444080045715 0.07219234653694769 0.0722089553143163 0.07225916239186247 0.0723892999674077 0.0722918706102167 0.07237992188571872 0.07230124676059525 0.07230392738436253 0.07232191770440334 0.07229606095566862 0.07228335253196162 0.07228647821327429 0.07228746470063319 0.07235025372231689 0.07228964672698636 0.0722872500369172 0.07250411219215575
-9999.0 0.07323153313538114 0.07332908785590335 0.07286584642374305 0.07279739866718614 0.07295757380790309 0.07296868063647008 0.07296520737874894 0.07317336473399835 0.07250142757559586 0.07233168171521615 0.07228689395266244 0.07230769238482983 0.07225982614484931 0.07232585382622693 0.07225763448762484 0.07230218858567816 0.07235139280875276 0.07244544586597094 0.07260700508665754 0.07270526205150268 0.07230051905065574 0.07218839987514067 0.07217491879003984 0.072173457009125 0.07218793144950107 0.07219184900748446 0.0722397961915338 0.07235060643826767 0.07229019340037336 0.07239247665171025 0.07232870745544119 0.0723609028133386 0.07242874508305022 0.07234235571238361 0.07230565553772132 0.07233113842403006 0.07229776732179802 0.07232396484608929 0.07227496194314452 0.07226216758085544 0.07233473076719359
-9999.0 0.07274432389067714 0.07271703246065178 0.07238034188802817 0.0723305002962851 0.07249735312437895 0.07262328814837428 0.07275369219230907 0.07273152324778645 0.07242106032194802 0.07227674532412828 0.0722827319954919 0.07234071311852938 0.07229107036932218 0.072407252753641 0.07228716314727901 0.07227464105534553 0.07229144666465775 0.07231701251222467 0.07237656089370269 0.07238365391816529 0.07226726839969574 0.07219595428905912 0.07218347378284447 0.07218081996455063 0.07218964079168401 0.07220040225167983 0.07224222511470665 0.07229855996257743 0.07226976100501434 0.07234136040329385 0.07229621919129736 0.07229168503090923 0.07228952410256315 0.07227967450944861 0.07225654609592386 0.0722558426559487 0.07227153209435179 0.07228885814483774 0.07226216758085544 0.07226772974595141 0.07228410425933882
-9999.0 0.07224824396146672 0.07219770481660417 0.07220357121879928 0.07220990308878746 0.07226546543125346 0.0723976023597491 0.07245896888699802 0.07250457516751325 0.0723193256762049 0.07225816150789122 0.07226705480284598 0.07232183126321352 0.07229416013552975 0.07240563140904786 0.07230133176828908 0.07228944575801288 0.07230376423181564 0.07232769993401907 0.07240846054979544 0.07233392887717138 0.0722275836596658 0.07220421622045647 0.07219670358260778 0.0721857202632287 0.07218841197427901 0.07219477321091834 0.0722271728782007 0.07227091559598274 0.0722427070231571 0.0722819903454972 0.07225774571283022 0.07225942755868135 0.07227892740626822 0.07229620047544957 0.07225629622045429 0.07224904927233722 0.07228187610710854 0.07234371578215625 0.07227325491843177 0.07228458150310232 0.07227134253988145
-9999.0 0.0724109724434648 0.07235987659728384 0.07230576257680578 0.07229742370166063 0.0722621710009174 0.07230138957290531 0.07235525073886713 0.07239211277035582 0.0722776991120093 0.07224751738680296 0.07227788337037279 0.07239609926079575 0.07231727032389265 0.07240985375139616 0.07231513459644502 0.07232772025528839 0.07235730108347892 0.07239595513266807 0.07245835482865673 0.07230832930320216 0.07226417657087493 0.0722525504136135 0.07223830341748362 0.07221404247969306 0.07220113553820513 0.07219526707792648 0.07221308149363487 0.0722446223166551 0.07221502915969553 0.07223762212405145 0.07222890864945279 0.07224732887603713 0.07231864571640867 0.07238669238338062 0.07228832839743542 0.07227874317635437 0.07228932653629644 0.07238977975635433 0.07230067378063845 0.07229852764643545 0.0722776018625156
-9999.0 0.07321971555343457 0.0728609305896554 0.07235304793008622 0.07255097850462988 0.07233011603593362 0.07226388936442807 0.07229565769318679 0.07231775708585857 0.0722637628529751 0.0722552555446082 0.0722922928266383 0.0724553434225132 0.07234951110073512 0.07245719127394025 0.07234472593852641 0.07236069387594142 0.07238027468947594 0.07235238323203405 0.07229387079617068 0.0722057319106703 0.07233424186266511 0.07236777381999385 0.07228245580432445 0.07224556347747912 0.07221502743786375 0.07220430589508194 0.0722077247371888 0.07225069558053218 0.07221211520633236 0.07223447906086768 0.07221382377238539 0.07225192876673035 0.07236776035447427 0.0725249465073014 0.0723189475525098 0.07227945618646567 0.07228573697495227 0.07241053937044362 0.0723188780296755 0.07229684699271341 0.0722776018625156
-9999.0 0.0732424737885582 0.07260687709297906 0.07235470938174794 0.07256211720643567 0.07234226784732198 0.07221281797412364 0.07221086968507984 0.07221989334276867 0.07222619996739046 0.07223445502316105 0.0722834343566896 0.07240418540884468 0.07229675342169702 0.07236101738908939 0.0722982282895158 0.07227832693473085 0.07227281785092224 0.07223005814195749 0.07217026566515462 0.07223783492826288 0.07263255692125646 0.0724968797155048 0.07233772600018934 0.07225662311048799 0.07221453842023351 0.07220527844537654 0.07220357121879928 0.07222331136571307 0.07221308493826786 0.07223204739226875 0.07220894325089589 0.07225458621022146 0.07240904596524983 0.07254615764869582 0.07231104274507487 0.07229245285335824 0.07228262458915828 0.072410713271984 0.0723202954738855 0.07230187409201147 0.07229540245126354
-9999.0 0.07335138765272141 0.07262183056709424 0.07244084248255996 0.07262475668044055 0.0723371037255637 0.07219623744173322 0.07219696598890839 0.07219525153719124 0.07220770232969617 0.07222181500657995 0.0722371123967883 0.0723522077675518 0.07227308419229225 0.07231523469743024 0.07227046300608987 0.07229087625400153 0.07226998988926228 0.07219698325213364 0.07216338079714624 0.07233643742107272 0.07257213738378131 0.07237990172492756 0.07228236885291466 0.07223856081551627 0.07221356028116369 0.07220380577179594 0.07220600949265808 0.07221722414638884 0.0722140631445928 0.07223374930726657 0.0722140631445928 0.07226330294690539 0.07241721282081216 0.07254314903295556 0.07232324977377248 0.07229678064249091 0.07228214550200471 0.07235120213096466 0.07229538373314097 0.07229419077073294 0.07228914088685083
-9999.0 0.0726619332943618 0.07251762973304773 0.07241582287977347 0.07263934956123047 0.0723224566653347 0.07220040397715083 0.07219794992433326 0.07220258807952301 0.07220575777281568 0.07222402331218628 0.07225167015864603 0.07238253050223958 0.07227506264415856 0.07231477659589179 0.07225628595140335 0.07228776964764903 0.07228372584922077 0.0722393329516235 0.0722240301905375 0.07244467748017845 0.07300008970571471 0.07248044328665187 0.07229221110939829 0.07223930206784927 0.07222060736274157 0.07220917934544605 0.0722050335962711 0.07222258558610732 0.07222210054386127 0.0722318241027049 0.07222040262722326 0.07228209776192047 0.07244271950711482 0.0725839124492576 0.07232734260821498 0.0722963246796464 0.07228695869665326 0.07230426387394571 0.07228865204227786 0.07229586528280296 0.07230256425877798
-9999.0 0.07316966720010278 0.07277879670541236 0.07250893138162548 0.07262507004962103 0.0723005734616059 0.07221211692888964 0.0722025949792314 0.07219940658345374 0.0722023362354729 0.07221209109048406 0.07222377740662474 0.07228679683551013 0.0722738916889711 0.07227077555252724 0.07232848564451246 0.0724132443462321 0.07248865945505148 0.07255566648714051 0.07264090272830409 0.07257897924665745 0.07271598293670212 0.07234745495296427 0.07226120989582775 0.07222717459700269 0.07221647018254995 0.07220429209906126 0.072209667018917 0.07222914578022953 0.07223229471992981 0.072279039988744 0.07224154421113893 0.07229193530638706 0.07241996007813292 0.07253818274050937 0.07233833130906994 0.07230256425877798 0.07229223834858861 0.07229682147347462 0.07228815123788526 0.07237236563021975 0.07244060282264662
-9999.0 0.07247742253750904 0.07238498866729408 0.07236451772532934 0.07236079834547092 0.07224123718209269 0.07220258635459476 0.07220307104254062 0.07220380749642086 0.07220381267029348 0.07221065260034142 0.07223717418392904 0.07230399026501268 0.07241453791980401 0.07240484317820381 0.07240290315207529 0.07255696534429354 0.07264072390929899 0.07276819542461385 0.07311297446102429 0.07268980550388449 0.07235710214711427 0.0722708131254456 0.07223006157811955 0.07220598880370079 0.07220649221746453 0.0722001417006467 0.07219892854297531 0.07221892112447982 0.0722487254459742 0.0723183506499322 0.0722664413153209 0.07231759596649326 0.07242869339266414 0.07250871734779928 0.07233768034615805 0.07230711655845025 0.07229127299250163 0.07228815123788526 0.07227055523440604 0.0722852172075359 0.07229480004189304
-9999.0 0.07275064860131754 0.07247411889861545 0.07237391625770556 0.07231033477535347 0.07221992603445421 0.07220723347938159 0.07220601466488782 0.07221382205025312 0.07221650805484318 0.07223087246428249 0.07225175065360359 0.07231757222225763 0.07243962245332433 0.07232654660016209 0.07230957239319881 0.07234400972318589 0.07235590503008785 0.07234980309601688 0.07234851349330967 0.0723156181212137 0.07228275586333405 0.07225204008507367 0.07221840312570985 0.0722050163530505 0.0722082073425139 0.07220186184686002 0.07220039362431863 0.07220819355425678 0.07228488317192436 0.07239678466351684 0.07229073832655623 0.07231138396988872 0.07240484317820381 0.07253060929675251 0.07235148223979712 0.0723243359078383 0.07230014326298426 0.07228883770519601 0.07229342484877982 0.07227610370242044 0.0722809143819791
-9999.0 0.07326549935264472 0.07272871688844088 0.07256163567937264 0.07254694966130239 0.0723600754496984 0.07224617884776358 0.07222212118465203 0.07222260106561704 0.0722296767173177 0.07225055512019261 0.07228004120796164 0.07233543445573799 0.07238991227922702 0.07229078941112474 0.07229359506119683 0.07230940768006949 0.0723162610700623 0.07230132326756825 0.07228748003349408 0.07226927929800231 0.07223784694120684 0.07223200101734108 0.07221571785805707 0.07221209798073495 0.07220576294523318 0.07219427412787612 0.07218766178799936 0.07220185494642281 0.07230928371802875 0.07242151438892074 0.07231654774759966 0.07230442531496963 0.07238158493635859 0.07247007140222773 0.0723469619224669 0.07232788959678253 0.07231880511470411 0.07229770608385286 0.07230734927301083 0.07226643106157646 0.07225651015549595
-9999.0 0.07316065740516936 0.07283872596970885 0.07264368419782101 0.07292544684316761 0.0725036771946498 0.07232983671379084 0.07226119792391145 0.07225104329308529 0.07227837470146482 0.07230146437813999 0.07232017171385605 0.07234903510383137 0.07231837608721177 0.07228381789687818 0.07228401051106166 0.07230178569113622 0.07228757373355338 0.07227286736389259 0.07226130053965311 0.07226691126198695 0.07223568083887266 0.07222715569015721 0.07222473862391185 0.07220986518029972 0.07220036084024839 0.07219328967231638 0.07219254001102866 0.07221404592384749 0.07235115150761637 0.07257271747429635 0.0723389467060564 0.07233741656114856 0.07265055896641674 0.07247557397112782 0.07239527131837356 0.07236806163885419 0.0723644520480468 0.07235849457528894 0.07237039401984253 0.072313030431822 0.07232611807125529
-9999.0 0.07262019804065215 0.07262439321613828 0.07247194973702029 0.07256004881948319 0.07250828267183251 0.07234295721874967 0.07228072509016127 0.0722677314545828 0.07231752303750073 0.07232757631162547 0.07236190528338259 0.0722992657763493 0.07229057996193056 0.07227177287211545 0.07226959531532788 0.07227246271280592 0.07227798744000795 0.07226326704214804 0.0722625283879107 0.07226737434123942 0.07224993329153567 0.07224529777124158 0.0722629096939863 0.072258606363379 0.07224046354508376 0.07222352633314982 0.07219742862852509 0.07220745239505802 0.07237843654067143 0.07261027043075792 0.07235369737988388 0.07233356681065752 0.07240579707591725 0.0723680784699752 0.07240035964824157 0.07239774812672792 0.07235632657501784 0.07240098096493053 0.07239113169831489 0.07231844900687524 0.07234036663460078
-9999.0 0.07268081384671375 0.07261929591845845 0.07242040253568845 0.07245405807650553 0.07236354597124764 0.0722884220856992 0.07224786183395196 0.07225248362782137 0.07229041818776791 0.0722971328015664 0.07231606598658888 0.07238875135413897 0.07233841753572033 0.07229417715510415 0.07230664600867248 0.07231546543296563 0.0722974441152293 0.07228227849045932 0.0722878940075548 0.07230018407352391 0.07227761039322894 0.07228609993631145 0.07231577250244593 0.07232128886151327 0.07230041362818417 0.07224524291447462 0.07222322193728398 0.07223274984825691 0.0724092901514339 0.07264547929781975 0.07241421037275579 0.07236043100977516 0.07236428027358342 0.07235970133253869 0.07239064529997785 0.0724042222323075 0.07239065536376055 0.07242717417614608 0.07234970013961876 0.07232862618206749 0.07231916629035665
-9999.0 0.07263347961636032 0.07255902334484458 0.07238432216638746 0.07233507923768533 0.07231310850138399 0.07229846131281448 0.07231480035007778 0.07235070094268509 0.07239656346566625 0.0724333138654311 0.0725113445149254 0.0725857548600028 0.07247594472086537 0.07238943082245057 0.0723654219841216 0.07241158103748667 0.07235251651443096 0.07233567294860482 0.07235789785646528 0.07238694244800943 0.07236194571593793 0.07238017221035097 0.07244979663950728 0.07246071613829845 0.07235278644520111 0.07227667365663712 0.07231038231523668 0.07227438672389182 0.07243760964451973 0.07273419982124744 0.07246653185646784 0.07242289976260785 0.07241479693756542 0.07239221170785769 0.07245532017567166 0.07247303772279187 0.0724838328704169 0.07252708420462269 0.07245577679446723 0.07236793035462676 0.07231476811223354
-9999.0 0.07289457760880723 0.07257321930565694 0.07240520801886588 0.07235479539473273 0.07230450348501488 0.0722920357544718 0.07233185603286975 0.07246454579367499 0.07263064332349042 0.07270277915596983 0.07270050887376533 0.07268358285336844 0.07271468507811876 0.07258285520814449 0.07243583105243075 0.0725457616040438 0.07249536192616275 0.07240731967346622 0.07246019184757735 0.07261515540091266 0.07262706294977293 0.0726314065776651 0.07251904183851023 0.07234266154128031 0.0722674956593631 0.07229438308854266 0.07244429990601928 0.07235647158022954 0.07237488143009184 0.07265959884613539 0.07266383998081455 0.07277135869976727 0.0727681702120786 0.07266786477502994 0.07294982688736867 0.07307996613131564 0.07288792151414626 0.07298960412946935 0.07273270471030231 0.07265814858038207 0.0725289306979773
