resources/Output/mapSnowfall.asc
NCOLS 83
NROWS 60
XLLCORNER 438041.76728988
YLLCORNER 4527263.899557
CELLSIZE 30.0
NODATA_VALUE -9999
[rows 19 to 37 of 60, columns 0 to 41 of 83]
-9999.0 0.07330621166089464 0.07364961427892523 0.0733542348414383 0.07294361248545643 0.0725874455458837 0.07248868918627414 0.07258966547778921 0.07291784070345421 0.07320391799233951 0.07359519267662282 0.07309925610765122 0.0732574921898412 0.07367355195918121 0.07277574620860713 0.07246674899244095 0.07247573452168399 0.07241996508725673 0.07238142872843886 0.07243349215018319 0.07268154181841446 0.0724690491809793 0.07235675989504968 0.07227491244548674 0.0722018118185344 0.0722067042609472 0.0723421191499421 0.0725644557443886 0.07237747693557238 0.07234640806346573 0.07235989344941676 0.07240794199463219 0.07248201264319538 0.07252046348231679 0.07247577921028589 0.07239600373437148 0.07237273566150298 0.07238242302031075 0.0723642213303289 0.07232126513043032 0.07229366995329578 0.07226272160846058
-9999.0 0.07283243365801229 0.07305111083479197 0.0729570671401632 0.07299598685978112 0.072845819075034 0.07278417624932644 0.07285612969817627 0.07325900328699063 0.07305943249519341 0.07282570836217933 0.07291297560123274 0.07342118466637608 0.0735909580780821 0.07288259066018929 0.0724603079916684 0.07236757183429571 0.07229155052527654 0.07228698425332061 0.07229181272364256 0.0724117983785774 0.07228825514933991 0.07219619945850742 0.07219030091074088 0.07219179026902138 0.07222693567940909 0.07233968544499988 0.07244921825948925 0.07233635285987307 0.07234563123170211 0.07234087874833782 0.07229189274318738 0.07230246566787504 0.07228444515118596 0.07225521788559472 0.07246019516600938 0.07235915022927442 0.07228423720920794 0.07221843066150668 0.07220257772994751 0.07221674905548017 0.07223256436563573
-9999.0 0.072770924012598 0.07288784288565607 0.07279936404239885 0.07288062264079974 0.07286433838607438 0.07276988598207566 0.07290485816084252 0.07300597402668278 0.07278586513056524 0.07273055093467465 0.07283676993372479 0.07333958420736672 0.07329277561819031 0.07284989785327192 0.07251207353808976 0.0723882933021016 0.07229397461937281 0.07236039056789291 0.07241779410136506 0.07250392929917573 0.07227361001501757 0.07221374799816081 0.0722010544491506 0.07221981075255744 0.07225645881169854 0.07232037854439656 0.0725099569953858 0.07242386100295489 0.07242651534798415 0.07243516311989864 0.07236818282195978 0.07239889906806402 0.0723753320192621 0.07234852193393763 0.07235706337068146 0.0723283891290479 0.07227185995983845 0.07222081381257227 0.07220597328694227 0.07221381516171986 0.07223547998491084
-9999.0 0.07265673008936538 0.07263392800726425 0.07260522102962247 0.0725702826778869 0.07252749786710552 0.07251605450266276 0.07259796591261305 0.07264029697720222 0.07267208230331397 0.0726972820713813 0.07283974961356861 0.0737095790823116 0.07342177377467772 0.07280346181874159 0.0726148318020353 0.07242137583512084 0.07234712739571271 0.0723600754496984 0.07234439317832009 0.07243864359826271 0.07230560966330446 0.07223948050551218 0.07222953067074961 0.0722498733326109 0.07230795055638282 0.07233307951236952 0.07241196890261241 0.07236094493700869 0.0723972689264033 0.07250515342649848 0.07242412298274692 0.07242007862635108 0.07239197861540411 0.07235957830737696 0.07234324274615216 0.07234233881534703 0.07227967280382773 0.07224711465294609 0.07222910969563866 0.07223110952733398 0.07226622598343549
-9999.0 0.07270663690526387 0.07270583879718441 0.07267184834308438 0.07279107151954442 0.07287096812396757 0.07280247837815447 0.0726661342439633 0.0726355986906383 0.07263624361615255 0.07269501760913095 0.07284487116752467 0.07377167393045184 0.07308685441882136 0.07278517078731814 0.0726586609521642 0.07242837490399089 0.0723607090409762 0.07236587322492323 0.07237718112692558 0.07250417315529002 0.07231446778378385 0.0722563886412164 0.07225032558122231 0.07226508939646205 0.07232978423377433 0.0723565963495976 0.07246669263725625 0.07235841703861659 0.07237866507730213 0.07244446790433294 0.07237951361755479 0.07239711309488893 0.07236276610608383 0.07231355992921876 0.07229415673160963 0.07227085069815574 0.07226702404434604 0.07232828075913623 0.07230265774881244 0.07226672670499372 0.0723099765175047
-9999.0 0.07270115306139262 0.07263069173576031 0.07260095723712545 0.07262962980270112 0.07259881447096034 0.07260675071679216 0.07259893776966567 0.072600157641609 0.07264228154730955 0.07272088066187221 0.07284800018873654 0.07358131025231372 0.0729650357055005 0.07271028035297351 0.07269408539544778 0.07249756919804158 0.07243678702394292 0.0724356528328704 0.07250187921257438 0.07278004851678446 0.07235385593711931 0.07224452802200372 0.07224596630272855 0.07226292850225259 0.07231584205765836 0.07235148730189526 0.07244598800450462 0.07238506756842704 0.07237290385061995 0.07239062852697198 0.07233525346606129 0.07230095602613984 0.07226731111825913 0.07222837593456095 0.07220354017442605 0.07220182734460517 0.0722721195087658 0.07238715726095607 0.0723450738830474 0.07232214481904499 0.07235432821264166
-9999.0 0.07275493854874414 0.07263146143782163 0.07262413635464796 0.07262016732547404 0.07255982512394447 0.07257849091435685 0.0726033035083936 0.07263580346209347 0.07268548088481215 0.07280330366571708 0.07294990002554032 0.07360388000435925 0.07297185114937343 0.07281284737932728 0.07277595392795477 0.07257962541256398 0.07252114214055712 0.07254113155105557 0.07270996196174527 0.07265235036768888 0.07234702270903924 0.07224441829568214 0.07227586307859309 0.07231006650824821 0.07230938730290555 0.07236162898758956 0.07240384227104502 0.07238944759854768 0.07235561161887497 0.07236794550294097 0.07229345718947068 0.07225786891401363 0.07222685145468274 0.0722117999711107 0.0722076695801535 0.07222207646286054 0.07231912559548676 0.07247321655180518 0.07247803970873519 0.07238502224236108 0.07241470335815642
-9999.0 0.07270438885708426 0.07274208902354753 0.07273204819624793 0.0727330154973554 0.07268342452283164 0.07263960415389632 0.07272524391459394 0.07285841208674562 0.07296077243020427 0.07320539200780639 0.07341734238827594 0.07391406141989976 0.07338104890092954 0.07338456927577428 0.07307248222112522 0.07273565016374349 0.0726185780033075 0.07259463542202678 0.07295766965839016 0.07272895966368709 0.07239667909275678 0.07237544466169982 0.0724833551324853 0.07256836870618077 0.07261350000820599 0.07247825644888221 0.07242406791781823 0.07237385067461989 0.0723422289835569 0.07234322923034019 0.07227684770494147 0.07223265195527541 0.07223218651517363 0.07222176168204221 0.07222036821729598 0.07224565775785603 0.07236872980113603 0.07258462801526988 0.07251713320046356 0.07238109782403242 0.07239316076052421
-9999.0 0.07241420870155486 0.0724542789619724 0.07249059499368464 0.072494061613623 0.072508663014964 0.07257028430792982 0.07255044213269517 0.07256945945043322 0.07256231143879371 0.07262131984450718 0.07269206561656606 0.07327819425901926 0.07299368038822328 0.07258653035832953 0.07250397708254432 0.07246461709052873 0.07248844142177663 0.07252221009613403 0.07263502303534275 0.07267786903270021 0.07241512111286225 0.07227380292026227 0.07226556456423072 0.07231457128833467 0.07250618789841726 0.07252127523429862 0.07246976491890215 0.07241827846171676 0.07235131181355225 0.07237005077781147 0.07225084117661376 0.07227945959781659 0.07224650279482439 0.07224896531882838 0.07225627910536074 0.07227008724813043 0.07236090955314395 0.07259462405754961 0.07247769886561983 0.07236874326466283 0.0723889325526317
-9999.0 0.07235738537673349 0.07235613604005459 0.07237364551302707 0.07238908354751843 0.07239903643022971 0.0724357927439726 0.07243036894930344 0.07271618808601955 0.07271067990903425 0.07277472323583123 0.07298561238122493 0.07424421820329168 0.07303582668260669 0.07257833138394372 0.07256293653118678 0.0725945883404822 0.07261033358206401 0.07268605480932772 0.0730005076540178 0.07285553568523746 0.07248525925564316 0.07234925791516968 0.07226127146535008 0.07222638218376787 0.07232585043840213 0.07246243802839133 0.07246546098524825 0.07245841955652974 0.07238900637279233 0.07241320423127268 0.07227613271322589 0.07233497266855703 0.07229098523171269 0.07229063445340493 0.07228302181358008 0.07229865520924911 0.07234583389227821 0.07258192468309496 0.07242487715786818 0.07237660123586609 0.07238142704876342
-9999.0 0.07235260424314449 0.07236906806385818 0.07239006157391056 0.07242457516475108 0.07245215116675766 0.07254803278567389 0.0724889369409794 0.07257370154606635 0.07260977005454966 0.07268060743817235 0.07281915437631677 0.07352772307925622 0.07293044726327308 0.07250307737558 0.07251057096571101 0.07255661410827156 0.07255875878362388 0.07263863567655163 0.0728005720734682 0.07277086888681976 0.07246663793909659 0.07236449246491386 0.07228621751115381 0.07224284421508857 0.07227110345461137 0.07230107844218335 0.07230892200743688 0.07233724577166077 0.07237401883505842 0.07246711528889248 0.07232458665931198 0.07237568843346044 0.07233548689107586 0.07234041227010697 0.0722925958527387 0.07229211577136431 0.07231865419513733 0.07251708880654172 0.07232190753490983 0.07230351609636965 0.07231429979757283
-9999.0 0.07234900134388114 0.07235907607117878 0.07236093651229629 0.07242125898019615 0.07243857200943597 0.0725186654180893 0.07250800110415102 0.07257541514455396 0.07257382210018372 0.0726378830231804 0.07271943610105709 0.07324869574492332 0.07285345224790793 0.07254364511409882 0.07252960022317627 0.07258686361319122 0.07261032224726317 0.07261977933065479 0.07278312495730788 0.07272524867788592 0.07250285984451692 0.07246938220802236 0.07236086742924681 0.07229647780494819 0.07228667927076969 0.07229069064727585 0.07225395105212007 0.07223488425525246 0.07232270240347893 0.0724599346637984 0.07234761197206743 0.07245346347443829 0.07236442510333047 0.07232922554982507 0.07230757858236414 0.07228533991034115 0.07231456789476813 0.07239341895932899 0.07230253366175646 0.07229078089705672 0.07229946475140003
-9999.0 0.07236442173523305 0.07236879711849317 0.07237398184013312 0.07239714828297746 0.07240122210682842 0.07254068112983976 0.07249971468431458 0.07251742093114236 0.07251126387279935 0.07254947392785929 0.07264981909061627 0.0731332661077208 0.07280304215526369 0.07253737648625452 0.07254415261439037 0.07259725192756857 0.07257429288995254 0.07260732262879022 0.07281680552414053 0.07272285859479892 0.07263763319202639 0.07250278238844284 0.07237860458309041 0.07228641346466888 0.07228453889342458 0.07231763158268824 0.07223750885460066 0.07221375488676109 0.07226940399848941 0.07237005582561885 0.07234596561831691 0.07244374764273095 0.07232252445607348 0.07230257105809716 0.07229417204923641 0.07227887623179576 0.07233336885004607 0.07248649530419622 0.07230852121605237 0.07230736286193228 0.07232367509855639
-9999.0 0.07242090005535655 0.07239845345855267 0.0723959149102934 0.07245241198872876 0.07240527161283707 0.07261581063495749 0.07244349811049001 0.07242814644948858 0.07245273758584453 0.07252421899627565 0.07260953847470424 0.0730824898953235 0.07279252611464544 0.0725863206421867 0.07259373431479058 0.07262568220263195 0.07258788439657649 0.07261111886956458 0.0728433448449215 0.07273876358554882 0.07250667542433852 0.07234382389991743 0.07224961807301102 0.0722023103605664 0.07223344536347534 0.07229402057339303 0.07222832609783175 0.07220159272472411 0.07225959007517374 0.07232702082920371 0.07233919859656243 0.07240981528768184 0.07228461388627763 0.07228822448711018 0.07228583410737133 0.072267106066703 0.07239666401107922 0.0726355954658342 0.0723737581845349 0.07233802020750667 0.07234686398736714
-9999.0 0.07248214988124778 0.07252454416979322 0.07249552692111517 0.07263357478129241 0.07254962603773679 0.07272203255328512 0.07240254487825346 0.07240037472131973 0.07243419524348038 0.07251214923311122 0.0726230877924912 0.07318222663229222 0.0728522604658736 0.0726465045943463 0.0726584858834473 0.07267239637217841 0.07259685433098159 0.07259890532288303 0.07284229699906214 0.07260982025599216 0.07233670631851442 0.07222107358649513 0.07217712820196752 0.07216828983867087 0.0722232666516436 0.07229625832426528 0.0722457914623435 0.07222060736274157 0.07228537228987558 0.07236507679762016 0.07233051722354253 0.07242519415193077 0.07230502516174524 0.07229786938379858 0.07229810922339473 0.07228544897762747 0.0724600375385629 0.07288928884809784 0.07243505817652451 0.07238330465563701 0.07238221980744537
-9999.0 0.07252825945891689 0.0726438419952965 0.07264456813138853 0.07270495931658896 0.07269306361904303 0.07245459615999131 0.07240122378139356 0.07241008787340848 0.07245061758288761 0.07251194847472975 0.07260018359364133 0.07330559783580551 0.0728324648104965 0.07272012425960163 0.072747266494578 0.07259259271876321 0.07250113580731915 0.07254920568188514 0.07276327841785163 0.07248448742808782 0.07226651992684695 0.07221494823313133 0.07218885098595557 0.07217737057149172 0.07223856424742471 0.07238619726063382 0.07228486783315732 0.0722676118493358 0.07231456789476813 0.07245097484295683 0.07236001983903621 0.07239244814561195 0.07233331301393348 0.07232547946112856 0.07231808779236079 0.07231166406679151 0.07249010951371547 0.07288176803885128 0.07243561952025188 0.07238590856151239 0.07239067213669703
-9999.0 0.07250669683507506 0.07254536880723937 0.07250630978347576 0.07267575232886664 0.07279884220441912 0.07245245518114285 0.07243436850578898 0.07245566222774796 0.07248812096517177 0.0725521328531328 0.07265903034609542 0.07334344891371712 0.07286796222969533 0.07274912144836332 0.07262601005816123 0.07245657870358835 0.07241134362577124 0.07250416821235525 0.07275936255110062 0.07243664713460443 0.07225614560615556 0.07222852028718749 0.07220304172074442 0.07219330349019994 0.07227887452597344 0.07241930384916442 0.07233314211866795 0.07233111811321682 0.07236257407322892 0.07248192996822313 0.07238928486857958 0.07253393069014454 0.07245382555718616 0.07241123327650592 0.07241387779519541 0.07241222969535542 0.07253839903465603 0.07289195468161376 0.07250174075799797 0.07249857194592661 0.0725088984538237
-9999.0 0.07249136276784962 0.07253110802991769 0.07245852079623637 0.0726264622430372 0.07271037427502054 0.07245177735864246 0.07246404669319659 0.07247723886361084 0.0725148127814301 0.07258671893407068 0.07275641518051916 0.07358293690099714 0.07301904224226553 0.07270159789159557 0.07250706410009163 0.07241115469330248 0.07239339884031049 0.07261089381832035 0.07286540520377884 0.07235743932384948 0.07220255530581457 0.07222181672671935 0.07222231554906824 0.0722216017059542 0.07232732059225278 0.0725405795757702 0.07237979419965605 0.07236645575107373 0.07240382051047296 0.07258640030266424 0.07243291228999003 0.07254657003165707 0.07246608098543197 0.07245608395589925 0.07246196530173094 0.07243312557800968 0.07249225260765818 0.07293175319767574 0.07251336022805659 0.07242585978849556 0.0723922502763058
-9999.0 0.07241378754505728 0.0724163641905679 0.07240112163212918 0.0724805077884759 0.0725085345900126 0.07240477790637292 0.0724030956742042 0.07242182987980066 0.0724654211970643 0.07251845829492125 0.07266807323821663 0.07317810548679919 0.07300296334888785 0.07254189637256121 0.07240040821692338 0.0723683040028238 0.07238204849911666 0.07274838618128625 0.07249974601185905 0.07219962747191339 0.07219477321091834 0.07223857454313978 0.07224754994722675 0.07226352691992015 0.07236105277237306 0.07256555045266616 0.07241950089186969 0.07238073498568606 0.07240551594174871 0.07270610165935777 0.07243412360480839 0.07248053590444845 0.07250243464825508 0.0724756021091498 0.07242942035463183 0.07242188329471226 0.07244569365894048 0.07274162674577873 0.07244740300143426 0.07240792526635305 0.07239970142294538
